  -3.2922123e-01   7.1157926e-01  -1.0897824e+00   5.0242805e-01  -4.9115606e-01   5.0458599e-01  -5.0172180e-01
  -3.2913333e-01   7.1168828e-01  -1.1387056e+00   5.0238305e-01  -4.9132969e-01   5.0444384e-01  -5.0173980e-01
  -3.2787049e-01   7.1243075e-01  -1.3052823e+00   5.0253004e-01  -4.9166905e-01   5.0411939e-01  -5.0158624e-01
  -3.2610721e-01   7.1383874e-01  -1.5593298e+00   5.0293250e-01  -4.9201072e-01   5.0376651e-01  -5.0120223e-01
  -3.2392460e-01   7.1425341e-01  -1.9123468e+00   5.0330547e-01  -4.9264355e-01   5.0314823e-01  -5.0082713e-01
  -3.2150018e-01   7.1358107e-01  -2.4151510e+00   5.0381868e-01  -4.9354886e-01   5.0227009e-01  -5.0030093e-01
  -3.1936024e-01   7.1164080e-01  -2.9778341e+00   5.0440586e-01  -4.9456222e-01   5.0125408e-01  -4.9972722e-01
  -3.1762592e-01   7.0760671e-01  -3.7099974e+00   5.0519253e-01  -4.9585713e-01   4.9994188e-01  -4.9896326e-01
  -3.1806860e-01   7.0114558e-01  -4.4824977e+00   5.0594813e-01  -4.9728914e-01   4.9852429e-01  -4.9819027e-01
  -3.2078574e-01   6.9213876e-01  -5.3554050e+00   5.0688196e-01  -4.9883013e-01   4.9697489e-01  -4.9724756e-01
  -3.2622291e-01   6.7834077e-01  -6.4327062e+00   5.0783540e-01  -5.0091063e-01   4.9489796e-01  -4.9625373e-01
  -3.5901664e-01   6.5944000e-01  -7.5148593e+00   5.0866641e-01  -5.0310593e-01   4.9274281e-01  -4.9532559e-01
  -3.6533593e-01   6.4642867e-01  -8.6960365e+00   5.0960815e-01  -5.0542884e-01   4.9041390e-01  -4.9430298e-01
  -3.8568527e-01   6.2801986e-01  -1.0112466e+01   5.1063605e-01  -5.0829562e-01   4.8752668e-01  -4.9315730e-01
  -4.7013743e-01   6.0811798e-01  -1.1483360e+01   5.1138622e-01  -5.1127455e-01   4.8444192e-01  -4.9233983e-01
  -4.9520384e-01   5.8623955e-01  -1.2978576e+01   5.1241306e-01  -5.1432405e-01   4.8137730e-01  -4.9110033e-01
  -5.1922549e-01   5.5214692e-01  -1.4744131e+01   5.1348068e-01  -5.1804631e-01   4.7728611e-01  -4.9006489e-01
  -5.3420793e-01   5.1191399e-01  -1.6465010e+01   5.1470617e-01  -5.2132002e-01   4.7321326e-01  -4.8925680e-01
  -5.6432935e-01   4.7027876e-01  -1.8286260e+01   5.1682041e-01  -5.2374504e-01   4.6999753e-01  -4.8753475e-01
  -5.5008678e-01   4.2469978e-01  -2.0423339e+01   5.1901112e-01  -5.2721452e-01   4.6421511e-01  -4.8700785e-01
  -6.3917259e-01   3.6332216e-01  -2.2457976e+01   5.2137422e-01  -5.3025659e-01   4.5810222e-01  -4.8696944e-01
  -7.0305860e-01   2.8579397e-01  -2.4832219e+01   5.2427484e-01  -5.3356364e-01   4.5132577e-01  -4.8657044e-01
  -8.0698109e-01   1.9711668e-01  -2.7092877e+01   5.2435887e-01  -5.3367159e-01   4.5098596e-01  -4.8667656e-01
  -1.1026879e+00   2.0191446e-01  -2.9320560e+01   5.2443847e-01  -5.3377350e-01   4.5066457e-01  -4.8677674e-01
  -1.2187275e+00   9.8574589e-02  -3.2046992e+01   5.2443966e-01  -5.3377512e-01   4.5065995e-01  -4.8677797e-01
  -1.3352319e+00  -5.8163313e-03  -3.4640656e+01   5.2435828e-01  -5.3367110e-01   4.5098887e-01  -4.8667504e-01
  -1.4632733e+00  -1.2009438e-01  -3.7341467e+01   5.2428646e-01  -5.3357933e-01   4.5127891e-01  -4.8658418e-01
  -1.6187183e+00  -2.5729897e-01  -4.0434161e+01   5.2431179e-01  -5.3361182e-01   4.5117689e-01  -4.8661586e-01
  -1.7735437e+00  -3.9327502e-01  -4.3361271e+01   5.2437676e-01  -5.3369501e-01   4.5091476e-01  -4.8669758e-01
  -1.9415500e+00  -5.4017570e-01  -4.6396422e+01   5.2448652e-01  -5.3383551e-01   4.5047134e-01  -4.8683583e-01
  -2.1406014e+00  -7.1504028e-01  -4.9864792e+01   5.2452212e-01  -5.3388116e-01   4.5032750e-01  -4.8688049e-01
  -2.3329904e+00  -8.8571650e-01  -5.3124871e+01   5.2438923e-01  -5.3371122e-01   4.5086493e-01  -4.8671253e-01
  -2.5369059e+00  -1.0688434e+00  -5.6499921e+01   5.2403155e-01  -5.3325394e-01   4.5230656e-01  -4.8626121e-01
  -2.7767874e+00  -1.2845334e+00  -6.0338789e+01   5.2356823e-01  -5.3266211e-01   4.5416400e-01  -4.8567731e-01
  -3.0097578e+00  -1.4929690e+00  -6.3944857e+01   5.2319689e-01  -5.3218821e-01   4.5564476e-01  -4.8520984e-01
  -3.2572438e+00  -1.7118961e+00  -6.7663407e+01   5.2301586e-01  -5.3195736e-01   4.5636417e-01  -4.8498199e-01
  -3.5431373e+00  -1.9627269e+00  -7.1864541e+01   5.2298225e-01  -5.3191459e-01   4.5649771e-01  -4.8493947e-01
  -3.8166160e+00  -2.2005359e+00  -7.5799337e+01   5.2313265e-01  -5.3210652e-01   4.5590070e-01  -4.8512829e-01
  -4.0965033e+00  -2.4481098e+00  -7.9843055e+01   5.2289780e-01  -5.3180707e-01   4.5683285e-01  -4.8483285e-01
  -4.4102391e+00  -2.7296780e+00  -8.4415053e+01   5.2225849e-01  -5.3099251e-01   4.5935610e-01  -4.8402996e-01
  -4.7036472e+00  -2.9953124e+00  -8.8687057e+01   5.2144147e-01  -5.2995306e-01   4.6255138e-01  -4.8300598e-01
  -5.0085500e+00  -3.2687539e+00  -9.3058667e+01   5.2082014e-01  -5.2916375e-01   4.6495980e-01  -4.8222868e-01
  -5.3602656e+00  -3.5784450e+00  -9.7992763e+01   5.2061683e-01  -5.2890576e-01   4.6574400e-01  -4.8197442e-01
  -5.6925357e+00  -3.8687930e+00  -1.0258520e+02   5.2061916e-01  -5.2890880e-01   4.6573521e-01  -4.8197707e-01
  -6.0698293e+00  -4.1993082e+00  -1.0776259e+02   5.2053772e-01  -5.2880555e-01   4.6604888e-01  -4.8187511e-01
  -6.4247859e+00  -4.5109501e+00  -1.1259167e+02   5.2038943e-01  -5.2861749e-01   4.6661912e-01  -4.8168972e-01
  -6.7896029e+00  -4.8322999e+00  -1.1751231e+02   5.2013291e-01  -5.2829223e-01   4.6760304e-01  -4.8136937e-01
  -7.1657173e+00  -5.1655652e+00  -1.2255146e+02   5.1968070e-01  -5.2771917e-01   4.6933004e-01  -4.8080534e-01
  -7.5559444e+00  -5.5095657e+00  -1.2769824e+02   5.1936506e-01  -5.2731950e-01   4.7052995e-01  -4.8041196e-01
  -8.0030545e+00  -5.9009896e+00  -1.3348733e+02   5.1924302e-01  -5.2716510e-01   4.7099279e-01  -4.8025976e-01
  -8.4686792e+00  -6.3042735e+00  -1.3940140e+02   5.1950521e-01  -5.2749717e-01   4.6999813e-01  -4.8058594e-01
  -8.9058704e+00  -6.6818843e+00  -1.4489039e+02   5.1983967e-01  -5.2792100e-01   4.6872465e-01  -4.8100244e-01
  -9.3536984e+00  -7.0721530e+00  -1.5049286e+02   5.1985722e-01  -5.2794333e-01   4.6865783e-01  -4.8102408e-01
  -9.8573353e+00  -7.5151573e+00  -1.5678098e+02   5.1949376e-01  -5.2748296e-01   4.7004208e-01  -4.8057093e-01
  -1.0326878e+01  -7.9293626e+00  -1.6261483e+02   5.1903903e-01  -5.2690742e-01   4.7176539e-01  -4.8000466e-01
  -1.0808469e+01  -8.3534825e+00  -1.6855383e+02   5.1863179e-01  -5.2639239e-01   4.7330093e-01  -4.7949803e-01
  -1.1351657e+01  -8.8317977e+00  -1.7520992e+02   5.1817004e-01  -5.2580892e-01   4.7503305e-01  -4.7892421e-01
  -1.1860626e+01  -9.2762287e+00  -1.8137504e+02   5.1807616e-01  -5.2569043e-01   4.7538418e-01  -4.7880743e-01
  -1.2384807e+01  -9.7289445e+00  -1.8764245e+02   5.1843333e-01  -5.2614182e-01   4.7404688e-01  -4.7925070e-01
  -1.2975310e+01  -1.0239410e+01  -1.9467458e+02   5.1878634e-01  -5.2658825e-01   4.7271968e-01  -4.7968914e-01
  -1.3518388e+01  -1.0713043e+01  -2.0116188e+02   5.1872353e-01  -5.2650890e-01   4.7295640e-01  -4.7961081e-01
  -1.4125119e+01  -1.1246578e+01  -2.0843124e+02   5.1824469e-01  -5.2590373e-01   4.7475439e-01  -4.7901564e-01
  -1.4688630e+01  -1.1741564e+01  -2.1515506e+02   5.1784456e-01  -5.2539845e-01   4.7624916e-01  -4.7851879e-01
  -1.5265265e+01  -1.2245325e+01  -2.2198345e+02   5.1768370e-01  -5.2519549e-01   4.7684817e-01  -4.7831906e-01
  -1.5915460e+01  -1.2811722e+01  -2.2963685e+02   5.1764649e-01  -5.2514862e-01   4.7698672e-01  -4.7827264e-01
  -1.6517023e+01  -1.3333351e+01  -2.3667308e+02   5.1782865e-01  -5.2537867e-01   4.7630884e-01  -4.7849832e-01
  -1.7188433e+01  -1.3918174e+01  -2.4455375e+02   5.1778611e-01  -5.2532507e-01   4.7646745e-01  -4.7844529e-01
  -1.7804869e+01  -1.4456381e+01  -2.5182473e+02   5.1762741e-01  -5.2512484e-01   4.7705806e-01  -4.7824824e-01
  -1.8429033e+01  -1.5000734e+01  -2.5920161e+02   5.1760677e-01  -5.2500387e-01   4.7733636e-01  -4.7812570e-01
  -1.9090038e+01  -1.5575292e+01  -2.6753031e+02   5.1454942e-01  -5.2533932e-01   4.7462989e-01  -4.8371890e-01
  -1.9727644e+01  -1.6129671e+01  -2.7512756e+02   5.1504194e-01  -5.2441421e-01   4.7441170e-01  -4.8441211e-01
  -2.0373238e+01  -1.6694289e+01  -2.8283822e+02   5.1550500e-01  -5.2403085e-01   4.7466155e-01  -4.8408954e-01
  -2.1094009e+01  -1.7325760e+01  -2.9144053e+02   5.1633057e-01  -5.2398350e-01   4.7474279e-01  -4.8318043e-01
  -2.1759339e+01  -1.7909362e+01  -2.9937850e+02   5.1734388e-01  -5.2433568e-01   4.7437635e-01  -4.8207311e-01
  -2.2434605e+01  -1.8500887e+01  -3.0742535e+02   5.1809452e-01  -5.2434537e-01   4.7439357e-01  -4.8123876e-01
  -2.3201679e+01  -1.9111816e+01  -3.1642740e+02   5.1686383e-01  -5.2840992e-01   4.7080286e-01  -4.8164242e-01
  -2.3885199e+01  -1.9724943e+01  -3.2469924e+02   5.1576281e-01  -5.2680103e-01   4.7267912e-01  -4.8274617e-01
  -2.4671274e+01  -2.0399850e+01  -3.3390728e+02   5.1550256e-01  -5.2643582e-01   4.7329252e-01  -4.8282154e-01
  -2.5392014e+01  -2.1024348e+01  -3.4239910e+02   5.1586724e-01  -5.2662119e-01   4.7321431e-01  -4.8230627e-01
  -2.6132078e+01  -2.1664785e+01  -3.5099683e+02   5.1684565e-01  -5.2830499e-01   4.7165029e-01  -4.8094742e-01
  -2.6943395e+01  -2.2367533e+01  -3.6056419e+02   5.1718865e-01  -5.3004860e-01   4.6973262e-01  -4.8053684e-01
  -2.7693048e+01  -2.3011566e+01  -3.6937073e+02   5.1725693e-01  -5.3209073e-01   4.6713278e-01  -4.8074077e-01
  -2.8447123e+01  -2.3650953e+01  -3.7827637e+02   5.1637074e-01  -5.3355107e-01   4.6548017e-01  -4.8167701e-01
  -2.9287255e+01  -2.4371614e+01  -3.8820774e+02   5.1532458e-01  -5.3425674e-01   4.6472024e-01  -4.8274778e-01
  -3.0052706e+01  -2.5029764e+01  -3.9733575e+02   5.1465924e-01  -5.3365628e-01   4.6553543e-01  -4.8333592e-01
  -3.0808918e+01  -2.5671426e+01  -4.0653788e+02   5.1346895e-01  -5.3340560e-01   4.6589276e-01  -4.8453282e-01
  -3.1668658e+01  -2.6407651e+01  -4.1681148e+02   5.1251565e-01  -5.3441572e-01   4.6477958e-01  -4.8549717e-01
  -3.2450456e+01  -2.7081719e+01  -4.2625568e+02   5.1233508e-01  -5.3489838e-01   4.6436716e-01  -4.8555087e-01
  -3.3231143e+01  -2.7734630e+01  -4.3580604e+02   5.1296980e-01  -5.3509067e-01   4.6389493e-01  -4.8512005e-01
  -3.4085985e+01  -2.8490612e+01  -4.4642284e+02   5.1324834e-01  -5.3620903e-01   4.6212982e-01  -4.8527523e-01
  -3.4885233e+01  -2.9178892e+01  -4.5618306e+02   5.1263589e-01  -5.3692751e-01   4.6135544e-01  -4.8586466e-01
  -3.5765841e+01  -2.9940105e+01  -4.6703815e+02   5.1277447e-01  -5.3819521e-01   4.5994578e-01  -4.8565230e-01
  -3.6570460e+01  -3.0636893e+01  -4.7702301e+02   5.1253122e-01  -5.3899247e-01   4.5908215e-01  -4.8584200e-01
  -3.7381703e+01  -3.1337978e+01  -4.8711351e+02   5.1171463e-01  -5.3940575e-01   4.5865509e-01  -4.8664678e-01
  -3.8272354e+01  -3.2113020e+01  -4.9831128e+02   5.1111585e-01  -5.4002972e-01   4.5748130e-01  -4.8768776e-01
  -3.9092360e+01  -3.2820503e+01  -5.0860307e+02   5.1042226e-01  -5.4078121e-01   4.5665953e-01  -4.8835118e-01
  -3.9925678e+01  -3.3519826e+01  -5.1900284e+02   5.0976718e-01  -5.4180670e-01   4.5560072e-01  -4.8888742e-01
  -4.0679271e+01  -3.4159554e+01  -5.2843531e+02   5.0852478e-01  -5.4213916e-01   4.5521638e-01  -4.9016908e-01
  -4.0678199e+01  -3.4158865e+01  -5.2843526e+02   5.0852478e-01  -5.4213916e-01   4.5521638e-01  -4.9016908e-01
  -4.2515770e+01  -3.5733380e+01  -5.5186400e+02   5.0936953e-01  -5.4323081e-01   4.5172802e-01  -4.9130924e-01
  -4.3435600e+01  -3.6495368e+01  -5.6373653e+02   5.0969298e-01  -5.4365086e-01   4.5037025e-01  -4.9175548e-01
  -4.4281440e+01  -3.7223192e+01  -5.7466240e+02   5.0974117e-01  -5.4372698e-01   4.5014133e-01  -4.9183097e-01
  -4.5214982e+01  -3.8026756e+01  -5.8679827e+02   5.0975459e-01  -5.4376144e-01   4.5005209e-01  -4.9186063e-01
  -4.6066562e+01  -3.8761640e+01  -5.9795301e+02   5.0948505e-01  -5.4381225e-01   4.5081238e-01  -4.9138725e-01
  -4.6916403e+01  -3.9496927e+01  -6.0917396e+02   5.0909542e-01  -5.4335384e-01   4.5226285e-01  -4.9096515e-01
  -4.7857237e+01  -4.0310377e+01  -6.2165612e+02   5.0864684e-01  -5.4284063e-01   4.5377096e-01  -4.9060612e-01
  -4.8717420e+01  -4.1051826e+01  -6.3310051e+02   5.0833731e-01  -5.4294519e-01   4.5446101e-01  -4.9017231e-01
  -4.9578187e+01  -4.1795523e+01  -6.4466015e+02   5.0842691e-01  -5.4291401e-01   4.5532661e-01  -4.8930986e-01
  -5.0520602e+01  -4.2613259e+01  -6.5748498e+02   5.0897671e-01  -5.4236935e-01   4.5687418e-01  -4.8789773e-01
  -5.1382087e+01  -4.3356001e+01  -6.6923255e+02   5.0865846e-01  -5.4242428e-01   4.5763748e-01  -4.8745299e-01
  -5.2247846e+01  -4.4099815e+01  -6.8108714e+02   5.0785456e-01  -5.4273965e-01   4.5808504e-01  -4.8751977e-01
  -5.3203217e+01  -4.4919096e+01  -6.9424377e+02   5.0664016e-01  -5.4349183e-01   4.5843693e-01  -4.8761457e-01
  -5.4072901e+01  -4.5665249e+01  -7.0632282e+02   5.0552376e-01  -5.4418784e-01   4.5887123e-01  -4.8758847e-01
  -5.5022961e+01  -4.6482381e+01  -7.1968185e+02   5.0474337e-01  -5.4469823e-01   4.5952795e-01  -4.8720841e-01
  -5.5883740e+01  -4.7224105e+01  -7.3193982e+02   5.0434355e-01  -5.4480484e-01   4.6022436e-01  -4.8684578e-01
  -5.6741734e+01  -4.7965012e+01  -7.4430860e+02   5.0409995e-01  -5.4449961e-01   4.6120609e-01  -4.8651039e-01
  -5.9306253e+01  -4.8954283e+01  -7.5572499e+02   5.3489170e-01  -5.7049775e-01   4.3163552e-01  -4.4957088e-01
  -6.0188872e+01  -4.9698411e+01  -7.6826364e+02   5.3462068e-01  -5.6970093e-01   4.3438707e-01  -4.4825156e-01
  -6.1156205e+01  -5.0513244e+01  -7.8212747e+02   5.3437976e-01  -5.6894132e-01   4.3705347e-01  -4.4690974e-01
  -6.2040080e+01  -5.1253186e+01  -7.9485744e+02   5.3448351e-01  -5.6883724e-01   4.3774848e-01  -4.4623743e-01
  -6.2919009e+01  -5.1990869e+01  -8.0767553e+02   5.3593353e-01  -5.7055985e-01   4.3543359e-01  -4.4456081e-01
  -6.3799694e+01  -5.2730296e+01  -8.2059823e+02   5.3601265e-01  -5.7324683e-01   4.3312386e-01  -4.4326316e-01
  -6.4769316e+01  -5.3541911e+01  -8.3493735e+02   5.3571952e-01  -5.7562194e-01   4.3104437e-01  -4.4256608e-01
  -6.5647636e+01  -5.4276368e+01  -8.4804804e+02   5.3534634e-01  -5.7692881e-01   4.3000729e-01  -4.4232474e-01
  -6.6613395e+01  -5.5083835e+01  -8.6259938e+02   5.3557386e-01  -5.7817796e-01   4.2892147e-01  -4.4147170e-01
  -6.7484193e+01  -5.5826079e+01  -8.7593883e+02   5.3480122e-01  -5.8054525e-01   4.2622045e-01  -4.4191742e-01
  -6.8352412e+01  -5.6567799e+01  -8.8937306e+02   5.3511014e-01  -5.8276913e-01   4.2313180e-01  -4.4158439e-01
  -6.9313331e+01  -5.7386686e+01  -9.0427181e+02   5.3471440e-01  -5.8535466e-01   4.1962733e-01  -4.4198795e-01
  -7.0191024e+01  -5.8131848e+01  -9.1790920e+02   5.3428461e-01  -5.8765300e-01   4.1642240e-01  -4.4248876e-01
  -7.1074945e+01  -5.8879940e+01  -9.3165309e+02   5.3364875e-01  -5.9013340e-01   4.1304295e-01  -4.4312200e-01
  -7.2057305e+01  -5.9706040e+01  -9.4689087e+02   5.3273368e-01  -5.9333904e-01   4.0917240e-01  -4.4353305e-01
  -7.2983086e+01  -6.0512348e+01  -9.6086526e+02   5.3121500e-01  -5.9657348e-01   4.0521935e-01  -4.4464367e-01
  -7.3890215e+01  -6.1271125e+01  -9.7495351e+02   5.2942226e-01  -5.9990460e-01   4.0091615e-01  -4.4619815e-01
  -7.4886664e+01  -6.2101049e+01  -9.9049545e+02   5.2887042e-01  -6.0263726e-01   3.9694207e-01  -4.4672296e-01
  -7.5735647e+01  -6.2863174e+01  -1.0047817e+03   5.2930294e-01  -6.0450283e-01   3.9411735e-01  -4.4619082e-01
  -7.6870463e+01  -6.3695489e+01  -1.0201608e+03   5.3050820e-01  -6.0718636e-01   3.8257697e-01  -4.5113262e-01
  -7.8116180e+01  -6.4423127e+01  -1.0344477e+03   5.2888230e-01  -6.0981448e-01   3.8005054e-01  -4.5163195e-01
  -7.9043306e+01  -6.5194668e+01  -1.0490577e+03   5.2944817e-01  -6.1101523e-01   3.7982941e-01  -4.4952714e-01
  -8.0124623e+01  -6.6052816e+01  -1.0651417e+03   5.2996810e-01  -6.1212727e-01   3.7874726e-01  -4.4831298e-01
  -8.1106857e+01  -6.6994940e+01  -1.0796647e+03   5.3307603e-01  -6.0945110e-01   3.8159602e-01  -4.4585175e-01
  -8.2049751e+01  -6.7772357e+01  -1.0945434e+03   5.3247288e-01  -6.1024668e-01   3.8140682e-01  -4.4564612e-01
  -8.3085831e+01  -6.8628327e+01  -1.1110400e+03   5.3231593e-01  -6.1102855e-01   3.8043088e-01  -4.4559647e-01
  -8.4022628e+01  -6.9405334e+01  -1.1261175e+03   5.3253383e-01  -6.1200608e-01   3.7938494e-01  -4.4488578e-01
  -8.4960484e+01  -7.0180045e+01  -1.1412857e+03   5.3264920e-01  -6.1212504e-01   3.7924286e-01  -4.4470510e-01
  -8.5949197e+01  -7.1048049e+01  -1.1581306e+03   5.3172564e-01  -6.1177269e-01   3.7793134e-01  -4.4740355e-01
  -8.6882169e+01  -7.1821955e+01  -1.1735199e+03   5.3250097e-01  -6.1147918e-01   3.7818447e-01  -4.4666814e-01
  -8.7401147e+01  -7.2117786e+01  -1.1901244e+03   5.1433835e-01  -6.3044350e-01   3.4620876e-01  -4.6705092e-01
  -8.8403685e+01  -7.2959386e+01  -1.2072665e+03   5.1498017e-01  -6.3086005e-01   3.4500277e-01  -4.6667345e-01
  -8.9389633e+01  -7.3691653e+01  -1.2228848e+03   5.1456540e-01  -6.3196569e-01   3.4273554e-01  -4.6730523e-01
  -9.0392166e+01  -7.4528687e+01  -1.2402704e+03   5.1313041e-01  -6.3332630e-01   3.4107349e-01  -4.6825620e-01
  -9.1298304e+01  -7.5287873e+01  -1.2561723e+03   5.1173230e-01  -6.3494137e-01   3.3902021e-01  -4.6908934e-01
  -9.2200571e+01  -7.6046211e+01  -1.2721934e+03   5.1035578e-01  -6.3687954e-01   3.3627816e-01  -4.6993450e-01
  -9.3182274e+01  -7.6876203e+01  -1.2898943e+03   5.0876429e-01  -6.3907224e-01   3.3326284e-01  -4.7083060e-01
  -9.4069473e+01  -7.7627970e+01  -1.3061007e+03   5.0756822e-01  -6.4080216e-01   3.3085289e-01  -4.7146947e-01
  -9.4986408e+01  -7.8405060e+01  -1.3224003e+03   5.0642451e-01  -6.4292031e-01   3.2870563e-01  -4.7131763e-01
  -9.5951128e+01  -7.9224384e+01  -1.3404341e+03   5.0483262e-01  -6.4474839e-01   3.2701459e-01  -4.7170436e-01
  -9.6823179e+01  -7.9963855e+01  -1.3569234e+03   5.0353002e-01  -6.4632161e-01   3.2502662e-01  -4.7231727e-01
  -9.7691333e+01  -8.0701626e+01  -1.3735039e+03   5.0168601e-01  -6.4789879e-01   3.2422094e-01  -4.7267229e-01
  -9.8659498e+01  -8.1499614e+01  -1.3918442e+03   5.0070710e-01  -6.4856602e-01   3.2352327e-01  -4.7327287e-01
  -9.9524602e+01  -8.2227307e+01  -1.4086223e+03   5.0044832e-01  -6.4907481e-01   3.2288681e-01  -4.7328373e-01
  -1.0046029e+02  -8.2860520e+01  -1.4270179e+03   5.0052387e-01  -6.4929726e-01   3.2187646e-01  -4.7358683e-01
  -1.0137707e+02  -8.3514211e+01  -1.4438492e+03   5.0055034e-01  -6.4938017e-01   3.2150569e-01  -4.7369700e-01
  -1.0222852e+02  -8.4236513e+01  -1.4609180e+03   5.0053028e-01  -6.4932905e-01   3.2175284e-01  -4.7362047e-01
  -1.0316168e+02  -8.5028217e+01  -1.4798069e+03   5.0058011e-01  -6.4948010e-01   3.2106837e-01  -4.7382514e-01
  -1.0400597e+02  -8.5746042e+01  -1.4970883e+03   5.0062389e-01  -6.4961339e-01   3.2046327e-01  -4.7400576e-01
  -1.0484636e+02  -8.6461529e+01  -1.5144569e+03   5.0067931e-01  -6.4978082e-01   3.1969828e-01  -4.7423426e-01
  -1.0577041e+02  -8.7246873e+01  -1.5336832e+03   5.0084710e-01  -6.5027808e-01   3.1739125e-01  -4.7492463e-01
  -1.0661033e+02  -8.7959131e+01  -1.5512567e+03   5.0109579e-01  -6.5102021e-01   3.1390207e-01  -4.7596343e-01
  -1.0744440e+02  -8.8670997e+01  -1.5689143e+03   5.0116143e-01  -6.5122303e-01   3.1294882e-01  -4.7624450e-01
  -1.0835780e+02  -8.9453490e+01  -1.5884686e+03   5.0115460e-01  -6.5121004e-01   3.1302376e-01  -4.7622021e-01
  -1.0918449e+02  -9.0163006e+01  -1.6063515e+03   5.0115049e-01  -6.5120449e-01   3.1306201e-01  -4.7620698e-01
  -1.1008416e+02  -9.0941616e+01  -1.6261299e+03   5.0094135e-01  -6.5059023e-01   3.1598513e-01  -4.7533517e-01
  -1.1089709e+02  -9.1647614e+01  -1.6442039e+03   5.0069513e-01  -6.4987515e-01   3.1934384e-01  -4.7432710e-01
  -1.1171082e+02  -9.2352497e+01  -1.6623823e+03   5.0055453e-01  -6.4947428e-01   3.2121306e-01  -4.7376207e-01
  -1.1260679e+02  -9.3126745e+01  -1.6824959e+03   5.0050661e-01  -6.4934346e-01   3.2182907e-01  -4.7357393e-01
  -1.1342209e+02  -9.3830152e+01  -1.7009032e+03   5.0053922e-01  -6.4944415e-01   3.2137623e-01  -4.7370889e-01
  -1.1423333e+02  -9.4529324e+01  -1.7193362e+03   5.0064012e-01  -6.4974281e-01   3.2000577e-01  -4.7412031e-01
  -1.1512629e+02  -9.5299013e+01  -1.7397688e+03   5.0077534e-01  -6.5014423e-01   3.1814964e-01  -4.7467605e-01
  -1.1593557e+02  -9.5998680e+01  -1.7584417e+03   5.0081295e-01  -6.5026113e-01   3.1761450e-01  -4.7483459e-01
  -1.1674439e+02  -9.6699046e+01  -1.7772194e+03   5.0079654e-01  -6.5021974e-01   3.1781981e-01  -4.7477120e-01
  -1.1763665e+02  -9.7471696e+01  -1.7980355e+03   5.0076391e-01  -6.5013159e-01   3.1824459e-01  -4.7464177e-01
  -1.1844582e+02  -9.8171712e+01  -1.8169826e+03   5.0074493e-01  -6.5008281e-01   3.1848384e-01  -4.7456812e-01
  -1.1933863e+02  -9.8943557e+01  -1.8379698e+03   5.0072760e-01  -6.5003956e-01   3.1869828e-01  -4.7450169e-01
  -1.2015159e+02  -9.9646409e+01  -1.8571564e+03   5.0068249e-01  -6.4991474e-01   3.1929110e-01  -4.7432170e-01
  -1.2096515e+02  -1.0035049e+02  -1.8764609e+03   5.0059647e-01  -6.4967154e-01   3.2043146e-01  -4.7397654e-01
  -1.2186086e+02  -1.0112516e+02  -1.8978006e+03   5.0050757e-01  -6.4942186e-01   3.2159788e-01  -4.7362246e-01
  -1.2267845e+02  -1.0182979e+02  -1.9172955e+03   5.0050412e-01  -6.4941858e-01   3.2162439e-01  -4.7361259e-01
  -1.2349910e+02  -1.0253649e+02  -1.9369013e+03   5.0047911e-01  -6.4935318e-01   3.2193718e-01  -4.7351618e-01
  -1.2440483e+02  -1.0331485e+02  -1.9585691e+03   5.0047609e-01  -6.4935185e-01   3.2195588e-01  -4.7350848e-01
  -1.2523115e+02  -1.0402318e+02  -1.9783761e+03   5.0052811e-01  -6.4950857e-01   3.2124467e-01  -4.7372154e-01
  -1.2605990e+02  -1.0473357e+02  -1.9983247e+03   5.0056767e-01  -6.4962969e-01   3.2069635e-01  -4.7388515e-01
  -1.2696887e+02  -1.0551270e+02  -2.0202901e+03   5.0058689e-01  -6.4969271e-01   3.2041720e-01  -4.7396727e-01
  -1.2779642e+02  -1.0622252e+02  -2.0404068e+03   5.0058750e-01  -6.4970117e-01   3.2038949e-01  -4.7397376e-01
  -1.2870547e+02  -1.0700199e+02  -2.0626398e+03   5.0062546e-01  -6.4981871e-01   3.1985710e-01  -4.7413209e-01
  -1.2953039e+02  -1.0771008e+02  -2.0829746e+03   5.0066313e-01  -6.4993502e-01   3.1932823e-01  -4.7428935e-01
  -1.3035169e+02  -1.0841650e+02  -2.1033853e+03   5.0066898e-01  -6.4995878e-01   3.1922921e-01  -4.7431726e-01
  -1.3125307e+02  -1.0919189e+02  -2.1259421e+03   5.0071001e-01  -6.5008588e-01   3.1864994e-01  -4.7448927e-01
  -1.3206809e+02  -1.0989537e+02  -2.1465779e+03   5.0071676e-01  -6.5011231e-01   3.1853819e-01  -4.7452095e-01
  -1.3287561e+02  -1.1059415e+02  -2.1672580e+03   5.0073313e-01  -6.5016690e-01   3.1829497e-01  -4.7459209e-01
  -1.3376311e+02  -1.1136173e+02  -2.1901949e+03   5.0086404e-01  -6.5055895e-01   3.1647077e-01  -4.7513632e-01
  -1.3456213e+02  -1.1205424e+02  -2.2110586e+03   5.0098642e-01  -6.5092811e-01   3.1474085e-01  -4.7565052e-01
  -1.3535691e+02  -1.1274620e+02  -2.2320460e+03   5.0102867e-01  -6.5106066e-01   3.1412437e-01  -4.7583208e-01
  -1.3622882e+02  -1.1350600e+02  -2.2552694e+03   5.0110603e-01  -6.5129936e-01   3.1300229e-01  -4.7616327e-01
  -1.3701872e+02  -1.1419385e+02  -2.2764749e+03   5.0126294e-01  -6.5177890e-01   3.1071870e-01  -4.7683711e-01
  -1.3780230e+02  -1.1488088e+02  -2.2978155e+03   5.0129831e-01  -6.5189302e-01   3.1018139e-01  -4.7699372e-01
  -1.3865295e+02  -1.1563055e+02  -2.3213067e+03   5.0127466e-01  -6.5182870e-01   3.1050415e-01  -4.7689646e-01
  -1.3942018e+02  -1.1630982e+02  -2.3428029e+03   5.0123229e-01  -6.5170716e-01   3.1110024e-01  -4.7671859e-01
  -1.4025473e+02  -1.1705188e+02  -2.3665621e+03   5.0120792e-01  -6.5164100e-01   3.1143077e-01  -4.7661884e-01
  -1.4100127e+02  -1.1772042e+02  -2.3882472e+03   5.0116406e-01  -6.5151551e-01   3.1204358e-01  -4.7643566e-01
  -1.4173499e+02  -1.1838395e+02  -2.4100551e+03   5.0104510e-01  -6.5116548e-01   3.1372423e-01  -4.7593533e-01
  -1.4252283e+02  -1.1910627e+02  -2.4341230e+03   5.0082053e-01  -6.5073012e-01   3.1586101e-01  -4.7535349e-01
  -1.4322398e+02  -1.1975310e+02  -2.4560987e+03   5.0146549e-01  -6.5024566e-01   3.1634896e-01  -4.7501188e-01
  -1.4391068e+02  -1.2039207e+02  -2.4781615e+03   5.0202347e-01  -6.4984436e-01   3.1671031e-01  -4.7473080e-01
  -1.4464723e+02  -1.2108527e+02  -2.5025447e+03   5.0261719e-01  -6.4943548e-01   3.1708134e-01  -4.7441432e-01
  -1.4547925e+02  -1.2145295e+02  -2.5248657e+03   4.9980569e-01  -6.5273770e-01   3.1785248e-01  -4.7233206e-01
  -1.4611024e+02  -1.2206198e+02  -2.5472008e+03   5.0035395e-01  -6.5256012e-01   3.1787914e-01  -4.7197890e-01
  -1.4678213e+02  -1.2271821e+02  -2.5718461e+03   5.0056222e-01  -6.5233943e-01   3.1807184e-01  -4.7193330e-01
  -1.4736948e+02  -1.2330312e+02  -2.5943585e+03   5.0098433e-01  -6.5195109e-01   3.1843885e-01  -4.7177451e-01
  -1.4799453e+02  -1.2393593e+02  -2.6192241e+03   5.0148387e-01  -6.5107174e-01   3.1949095e-01  -4.7174682e-01
  -1.4855089e+02  -1.2450401e+02  -2.6419043e+03   5.0191287e-01  -6.4986758e-01   3.2057727e-01  -4.7221375e-01
  -1.4909833e+02  -1.2506784e+02  -2.6646814e+03   5.0258238e-01  -6.4904065e-01   3.2035197e-01  -4.7279151e-01
  -1.4969192e+02  -1.2568441e+02  -2.6898616e+03   5.0319659e-01  -6.4825842e-01   3.2006500e-01  -4.7340534e-01
  -1.5022009e+02  -1.2624015e+02  -2.7128423e+03   5.0415348e-01  -6.4750513e-01   3.1962852e-01  -4.7371298e-01
  -1.5074216e+02  -1.2679259e+02  -2.7359544e+03   5.0476993e-01  -6.4686186e-01   3.1980359e-01  -4.7381718e-01
  -1.5130477e+02  -1.2739241e+02  -2.7614263e+03   5.0487860e-01  -6.4629881e-01   3.1914190e-01  -4.7491463e-01
  -1.5183978e+02  -1.2794820e+02  -2.7846845e+03   5.0495747e-01  -6.4652910e-01   3.1808880e-01  -4.7522373e-01
  -1.5231835e+02  -1.2848512e+02  -2.8080439e+03   5.0501576e-01  -6.4670128e-01   3.1730114e-01  -4.7545402e-01
  -1.5283846e+02  -1.2906323e+02  -2.8338435e+03   5.0505713e-01  -6.4682597e-01   3.1673315e-01  -4.7561915e-01
  -1.5329351e+02  -1.2958080e+02  -2.8574246e+03   5.0502434e-01  -6.4673726e-01   3.1715556e-01  -4.7549310e-01
  -1.5377199e+02  -1.3013707e+02  -2.8833865e+03   5.0501444e-01  -6.4671483e-01   3.1727088e-01  -4.7545719e-01
  -1.5418750e+02  -1.3063283e+02  -2.9071213e+03   5.0500904e-01  -6.4670476e-01   3.1732782e-01  -4.7543863e-01
  -1.5458526e+02  -1.3111888e+02  -2.9309338e+03   5.0501394e-01  -6.4672423e-01   3.1724765e-01  -4.7546044e-01
  -1.5500613e+02  -1.3164599e+02  -2.9572452e+03   5.0494266e-01  -6.4652620e-01   3.1817633e-01  -4.7518481e-01
  -1.5537776e+02  -1.3212028e+02  -2.9812942e+03   5.0484101e-01  -6.4624209e-01   3.1949727e-01  -4.7479281e-01
  -1.5573759e+02  -1.3258762e+02  -3.0053486e+03   5.0471858e-01  -6.4590082e-01   3.2107327e-01  -4.7432399e-01
  -1.5612307e+02  -1.3309612e+02  -3.0319659e+03   5.0462588e-01  -6.4564575e-01   3.2224870e-01  -4.7397264e-01
  -1.5646416e+02  -1.3355284e+02  -3.0562552e+03   5.0457616e-01  -6.4551164e-01   3.2286884e-01  -4.7378616e-01
  -1.5679768e+02  -1.3400521e+02  -3.0806380e+03   5.0454670e-01  -6.4543451e-01   3.2322911e-01  -4.7367697e-01
  -1.5715857e+02  -1.3449961e+02  -3.1076044e+03   5.0454310e-01  -6.4543038e-01   3.2325885e-01  -4.7366614e-01
  -1.5748082e+02  -1.3494541e+02  -3.1321584e+03   5.0453070e-01  -6.4540108e-01   3.2340174e-01  -4.7362173e-01
  -1.5783082e+02  -1.3543378e+02  -3.1593149e+03   5.0452014e-01  -6.4537747e-01   3.2351974e-01  -4.7358456e-01
  -1.5814329e+02  -1.3587487e+02  -3.1840898e+03   5.0449037e-01  -6.4529968e-01   3.2388210e-01  -4.7347458e-01
  -1.5845003e+02  -1.3631322e+02  -3.2089644e+03   5.0444367e-01  -6.4517485e-01   3.2445662e-01  -4.7330108e-01
  -1.5878122e+02  -1.3679282e+02  -3.2364560e+03   5.0435937e-01  -6.4494644e-01   3.2549738e-01  -4.7298750e-01
  -1.5907678e+02  -1.3722610e+02  -3.2615252e+03   5.0425094e-01  -6.4465180e-01   3.2682995e-01  -4.7258569e-01
  -1.5936928e+02  -1.3765704e+02  -3.2866930e+03   5.0419093e-01  -6.4449178e-01   3.2755543e-01  -4.7236564e-01
  -1.5968645e+02  -1.3812840e+02  -3.3144986e+03   5.0414873e-01  -6.4438163e-01   3.2805774e-01  -4.7221235e-01
  -1.5997047e+02  -1.3855481e+02  -3.3398851e+03   5.0410354e-01  -6.4426299e-01   3.2859592e-01  -4.7204825e-01
  -1.6024868e+02  -1.3897929e+02  -3.3653575e+03   5.0397340e-01  -6.4391257e-01   3.3016028e-01  -4.7157355e-01
  -1.6054780e+02  -1.3944307e+02  -3.3934772e+03   5.0378709e-01  -6.4341269e-01   3.3237335e-01  -4.7089982e-01
  -1.6081409e+02  -1.3986182e+02  -3.4191538e+03   5.0361855e-01  -6.4296396e-01   3.3434507e-01  -4.7029680e-01
  -1.6110179e+02  -1.4031906e+02  -3.4474964e+03   5.0346476e-01  -6.4255821e-01   3.3611774e-01  -4.6975211e-01
  -1.6136014e+02  -1.4073248e+02  -3.4733853e+03   5.0337821e-01  -6.4233303e-01   3.3710041e-01  -4.6944859e-01
  -1.6164065e+02  -1.4118397e+02  -3.5019477e+03   5.0335300e-01  -6.4227188e-01   3.3737448e-01  -4.6936238e-01
  -1.6189076e+02  -1.4159205e+02  -3.5279998e+03   5.0330417e-01  -6.4214758e-01   3.3791914e-01  -4.6919300e-01
  -1.6213624e+02  -1.4199850e+02  -3.5541702e+03   5.0321430e-01  -6.4191502e-01   3.3892707e-01  -4.6888050e-01
  -1.6237758e+02  -1.4240312e+02  -3.5804448e+03   5.0310540e-01  -6.4163314e-01   3.4014191e-01  -4.6850332e-01
  -1.6264040e+02  -1.4284576e+02  -3.6094835e+03   5.0307262e-01  -6.4155276e-01   3.4049502e-01  -4.6839208e-01
  -1.6287507e+02  -1.4324429e+02  -3.6358881e+03   5.0308596e-01  -6.4159314e-01   3.4033225e-01  -4.6844074e-01
  -1.6313041e+02  -1.4368100e+02  -3.6651099e+03   5.0315874e-01  -6.4179071e-01   3.3949887e-01  -4.6869658e-01
  -1.6335805e+02  -1.4407605e+02  -3.6917678e+03   5.0319092e-01  -6.4188095e-01   3.3912209e-01  -4.6881123e-01
  -1.6358174e+02  -1.4446949e+02  -3.7185313e+03   5.0319622e-01  -6.4190027e-01   3.3904877e-01  -4.6883212e-01
  -1.6382501e+02  -1.4490064e+02  -3.7480917e+03   5.0321774e-01  -6.4196300e-01   3.3879031e-01  -4.6890996e-01
  -1.6404585e+02  -1.4529270e+02  -3.7750368e+03   5.0319813e-01  -6.4191649e-01   3.3899907e-01  -4.6884379e-01
  -1.6426929e+02  -1.4568643e+02  -3.8021010e+03   5.0317200e-01  -6.4185278e-01   3.3928136e-01  -4.6875487e-01
  -1.6451728e+02  -1.4612183e+02  -3.8319933e+03   5.0307180e-01  -6.4159459e-01   3.4039461e-01  -4.6840865e-01
  -1.6474596e+02  -1.4651929e+02  -3.8592658e+03   5.0298049e-01  -6.4136012e-01   3.4140175e-01  -4.6809473e-01
  -1.6497817e+02  -1.4691898e+02  -3.8866986e+03   5.0290687e-01  -6.4117271e-01   3.4220612e-01  -4.6784316e-01
  -1.6523540e+02  -1.4735814e+02  -3.9168666e+03   5.0284089e-01  -6.4100622e-01   3.4292067e-01  -4.6761897e-01
  -1.6547261e+02  -1.4775952e+02  -3.9444539e+03   5.0279580e-01  -6.4089400e-01   3.4340370e-01  -4.6746677e-01
  -1.6573738e+02  -1.4820192e+02  -3.9749067e+03   5.0281974e-01  -6.4096221e-01   3.4312606e-01  -4.6755135e-01
  -1.6597986e+02  -1.4860566e+02  -4.0026915e+03   5.0279704e-01  -6.4090836e-01   3.4336264e-01  -4.6747591e-01
  -1.6622431e+02  -1.4901120e+02  -4.0305962e+03   5.0273699e-01  -6.4075742e-01   3.4400792e-01  -4.6727295e-01
  -1.6649585e+02  -1.4945801e+02  -4.0613786e+03   5.0269901e-01  -6.4066458e-01   3.4440857e-01  -4.6714595e-01
  -1.6674576e+02  -1.4986520e+02  -4.0894793e+03   5.0271595e-01  -6.4071388e-01   3.4421058e-01  -4.6720604e-01
  -1.6699731e+02  -1.5027357e+02  -4.1176832e+03   5.0271389e-01  -6.4071382e-01   3.4422009e-01  -4.6720133e-01
  -1.6727528e+02  -1.5072523e+02  -4.1488753e+03   5.0262611e-01  -6.4049195e-01   3.4516183e-01  -4.6690511e-01
  -1.6753029e+02  -1.5113505e+02  -4.1772293e+03   5.0261229e-01  -6.4046146e-01   3.4529884e-01  -4.6686051e-01
  -1.6778905e+02  -1.5154644e+02  -4.2057406e+03   5.0266645e-01  -6.4060711e-01   3.4469719e-01  -4.6704692e-01
  -1.6807723e+02  -1.5200046e+02  -4.2372072e+03   5.0274516e-01  -6.4081744e-01   3.4382294e-01  -4.6731799e-01
  -1.6834230e+02  -1.5241510e+02  -4.2659125e+03   5.0279582e-01  -6.4095466e-01   3.4325374e-01  -4.6749371e-01
  -1.6861046e+02  -1.5283269e+02  -4.2947863e+03   5.0280146e-01  -6.4097468e-01   3.4317856e-01  -4.6751539e-01
  -1.6890787e+02  -1.5329364e+02  -4.3265589e+03   5.0271945e-01  -6.4076699e-01   3.4406406e-01  -4.6723736e-01
  -1.6918488e+02  -1.5371630e+02  -4.3555884e+03   5.0266354e-01  -6.4062705e-01   3.4466153e-01  -4.6704902e-01
  -1.6949841e+02  -1.5418443e+02  -4.3876336e+03   5.0270083e-01  -6.4072973e-01   3.4424027e-01  -4.6717870e-01
  -1.6979241e+02  -1.5461358e+02  -4.4168759e+03   5.0281834e-01  -6.4104104e-01   3.4293739e-01  -4.6758321e-01
  -1.7009438e+02  -1.5504747e+02  -4.4462309e+03   5.0290716e-01  -6.4127852e-01   3.4194165e-01  -4.6789119e-01
  -1.7043391e+02  -1.5553077e+02  -4.4786248e+03   5.0285153e-01  -6.4113884e-01   3.4254348e-01  -4.6770216e-01
  -1.7075162e+02  -1.5597491e+02  -4.5081801e+03   5.0280238e-01  -6.4101580e-01   3.4307280e-01  -4.6753564e-01
  -1.7107852e+02  -1.5642394e+02  -4.5378525e+03   5.0276143e-01  -6.4091436e-01   3.4351010e-01  -4.6739763e-01
  -1.7144957e+02  -1.5692326e+02  -4.5706041e+03   5.0275989e-01  -6.4091619e-01   3.4351263e-01  -4.6739493e-01
  -1.7179672e+02  -1.5738267e+02  -4.6005090e+03   5.0275478e-01  -6.4090819e-01   3.4355565e-01  -4.6737977e-01
  -1.7215094e+02  -1.5784774e+02  -4.6304819e+03   5.0259714e-01  -6.4050400e-01   3.4526358e-01  -4.6684453e-01
  -1.7255534e+02  -1.5836591e+02  -4.6635924e+03   5.0252251e-01  -6.4031674e-01   3.4605724e-01  -4.6659404e-01
  -1.7293577e+02  -1.5884270e+02  -4.6938088e+03   5.0253092e-01  -6.4034378e-01   3.4595347e-01  -4.6662483e-01
  -1.7336817e+02  -1.5937291e+02  -4.7271583e+03   5.0264888e-01  -6.4065515e-01   3.4465915e-01  -4.6702801e-01
  -1.7377009e+02  -1.5986211e+02  -4.7576370e+03   5.0261796e-01  -6.4058024e-01   3.4498278e-01  -4.6692509e-01
  -1.7418064e+02  -1.6035444e+02  -4.7881180e+03   5.0262362e-01  -6.4060023e-01   3.4490815e-01  -4.6694670e-01
  -1.7464537e+02  -1.6090111e+02  -4.8218165e+03   5.0278824e-01  -6.4103433e-01   3.4309132e-01  -4.6751184e-01
  -1.7507689e+02  -1.6140159e+02  -4.8525641e+03   5.0302886e-01  -6.4167029e-01   3.4040261e-01  -4.6834525e-01
  -1.7551331e+02  -1.6190522e+02  -4.8834076e+03   5.0322825e-01  -6.4220261e-01   3.3813368e-01  -4.6904452e-01
  -1.7599928e+02  -1.6246275e+02  -4.9174713e+03   5.0343114e-01  -6.4274903e-01   3.3578598e-01  -4.6976437e-01
  -1.7644500e+02  -1.6297191e+02  -4.9485205e+03   5.0358623e-01  -6.4317062e-01   3.3396239e-01  -4.7032074e-01
  -1.7689319e+02  -1.6348324e+02  -4.9796736e+03   5.0368523e-01  -6.4344311e-01   3.3278068e-01  -4.7067949e-01
  -1.7738931e+02  -1.6404691e+02  -5.0140618e+03   5.0382701e-01  -6.4383362e-01   3.3107509e-01  -4.7119626e-01
  -1.7783902e+02  -1.6455992e+02  -5.0454572e+03   5.0388862e-01  -6.4400688e-01   3.3031993e-01  -4.7142354e-01
  -1.7828620e+02  -1.6507149e+02  -5.0769224e+03   5.0394063e-01  -6.4415435e-01   3.2967697e-01  -4.7161650e-01
  -1.7877566e+02  -1.6563215e+02  -5.1116203e+03   5.0403332e-01  -6.4441438e-01   3.2853307e-01  -4.7196033e-01
  -1.7921790e+02  -1.6614093e+02  -5.1432950e+03   5.0410026e-01  -6.4460396e-01   3.2769801e-01  -4.7221043e-01
  -1.7965643e+02  -1.6664833e+02  -5.1750667e+03   5.0412748e-01  -6.4468440e-01   3.2734854e-01  -4.7231393e-01
  -1.8013399e+02  -1.6720527e+02  -5.2101636e+03   5.0408916e-01  -6.4458465e-01   3.2780476e-01  -4.7217453e-01
  -1.8056202e+02  -1.6770812e+02  -5.2420843e+03   5.0401891e-01  -6.4439674e-01   3.2865164e-01  -4.7191725e-01
  -1.8098718e+02  -1.6820944e+02  -5.2741449e+03   5.0397421e-01  -6.4427945e-01   3.2918257e-01  -4.7175506e-01
  -1.8145012e+02  -1.6875875e+02  -5.3095453e+03   5.0391281e-01  -6.4411724e-01   3.2991237e-01  -4.7153229e-01
  -1.8186500e+02  -1.6925512e+02  -5.3417991e+03   5.0382924e-01  -6.4389455e-01   3.3090620e-01  -4.7122925e-01
  -1.8231776e+02  -1.6979763e+02  -5.3774185e+03   5.0385994e-01  -6.4398415e-01   3.3052139e-01  -4.7134403e-01
  -1.8272295e+02  -1.7028714e+02  -5.4098597e+03   5.0388331e-01  -6.4405327e-01   3.3022557e-01  -4.7143194e-01
  -1.8312307e+02  -1.7077426e+02  -5.4424089e+03   5.0389312e-01  -6.4408543e-01   3.3009307e-01  -4.7147032e-01
  -1.8355818e+02  -1.7130731e+02  -5.4783416e+03   5.0392280e-01  -6.4417249e-01   3.2971833e-01  -4.7158185e-01
  -1.8394906e+02  -1.7178870e+02  -5.5110958e+03   5.0398941e-01  -6.4436040e-01   3.2889435e-01  -4.7182929e-01
  -1.8433563e+02  -1.7226764e+02  -5.5439669e+03   5.0407867e-01  -6.4461130e-01   3.2778693e-01  -4.7216173e-01
  -1.8475290e+02  -1.7279073e+02  -5.5801868e+03   5.0411900e-01  -6.4472849e-01   3.2727436e-01  -4.7231421e-01
  -1.8516255e+02  -1.7331120e+02  -5.6165470e+03   5.0407862e-01  -6.4462296e-01   3.2775648e-01  -4.7216701e-01
  -1.8549326e+02  -1.7373470e+02  -5.6463824e+03   5.0404422e-01  -6.4453303e-01   3.2816627e-01  -4.7204184e-01
  -1.8588976e+02  -1.7424835e+02  -5.6829545e+03   5.0399503e-01  -6.4440366e-01   3.2875283e-01  -4.7186282e-01
  -1.8624206e+02  -1.7471187e+02  -5.7163752e+03   5.0393111e-01  -6.4423372e-01   3.2951711e-01  -4.7162997e-01
  -1.8661633e+02  -1.7521406e+02  -5.7530858e+03   5.0381627e-01  -6.4392584e-01   3.3088935e-01  -4.7121219e-01
  -1.8694478e+02  -1.7566586e+02  -5.7866367e+03   5.0365477e-01  -6.4349263e-01   3.3280337e-01  -4.7062833e-01
  -1.8726128e+02  -1.7611077e+02  -5.8202562e+03   5.0351577e-01  -6.4312293e-01   3.3442778e-01  -4.7013066e-01
  -1.8759585e+02  -1.7659236e+02  -5.8573531e+03   5.0340836e-01  -6.4284044e-01   3.3566578e-01  -4.6974960e-01
  -1.8789043e+02  -1.7702518e+02  -5.8911801e+03   5.0330658e-01  -6.4257367e-01   3.3682943e-01  -4.6939057e-01
  -1.8817776e+02  -1.7745448e+02  -5.9250784e+03   5.0316881e-01  -6.4221244e-01   3.3839413e-01  -4.6890699e-01
  -1.8848879e+02  -1.7792358e+02  -5.9625004e+03   5.0306176e-01  -6.4193482e-01   3.3959379e-01  -4.6853454e-01
  -1.8876734e+02  -1.7834738e+02  -5.9966543e+03   5.0301075e-01  -6.4180545e-01   3.4015568e-01  -4.6835891e-01
  -1.8906867e+02  -1.7880967e+02  -6.0342762e+03   5.0300320e-01  -6.4179140e-01   3.4022594e-01  -4.6833524e-01
  -1.8933770e+02  -1.7922738e+02  -6.0685827e+03   5.0299568e-01  -6.4177688e-01   3.4029725e-01  -4.6831141e-01
  -1.8960197e+02  -1.7964225e+02  -6.1029640e+03   5.0299819e-01  -6.4178884e-01   3.4025565e-01  -4.6832254e-01
  -1.8988929e+02  -1.8009535e+02  -6.1409202e+03   5.0311386e-01  -6.4210040e-01   3.3893414e-01  -4.6872933e-01
  -1.9014808e+02  -1.8050450e+02  -6.1755242e+03   5.0331712e-01  -6.4264639e-01   3.3659432e-01  -4.6944837e-01
  -1.9040252e+02  -1.8091315e+02  -6.2102529e+03   5.0341247e-01  -6.4290688e-01   3.3547600e-01  -4.6978984e-01
  -1.9068065e+02  -1.8136202e+02  -6.2485114e+03   5.0346862e-01  -6.4306350e-01   3.3480621e-01  -4.6999308e-01
  -1.9093760e+02  -1.8177021e+02  -6.2834241e+03   5.0367203e-01  -6.4361797e-01   3.3239395e-01  -4.7072781e-01
  -1.9122239e+02  -1.8221931e+02  -6.3219184e+03   5.0395083e-01  -6.4438452e-01   3.2902098e-01  -4.7174925e-01
  -1.9147877e+02  -1.8263013e+02  -6.3570405e+03   5.0395910e-01  -6.4441260e-01   3.2890598e-01  -4.7178224e-01
  -1.9173571e+02  -1.8304287e+02  -6.3922804e+03   5.0387002e-01  -6.4417376e-01   3.2997489e-01  -4.7145704e-01
  -1.9202210e+02  -1.8349738e+02  -6.4311085e+03   5.0384458e-01  -6.4411008e-01   3.3026730e-01  -4.7136649e-01
  -1.9228837e+02  -1.8391170e+02  -6.4665333e+03   5.0396546e-01  -6.4444677e-01   3.2878444e-01  -4.7181349e-01
  -1.9255622e+02  -1.8432796e+02  -6.5020648e+03   5.0401738e-01  -6.4459502e-01   3.2813444e-01  -4.7200799e-01
  -1.9285143e+02  -1.8478761e+02  -6.5412713e+03   5.0398214e-01  -6.4450390e-01   3.2855090e-01  -4.7188032e-01
  -1.9312106e+02  -1.8520608e+02  -6.5770040e+03   5.0394767e-01  -6.4441452e-01   3.2895805e-01  -4.7175554e-01
  -1.9339384e+02  -1.8562468e+02  -6.6128290e+03   5.0401094e-01  -6.4459393e-01   3.2816963e-01  -4.7199188e-01
  -1.9369629e+02  -1.8608564e+02  -6.6523359e+03   5.0412430e-01  -6.4491305e-01   3.2675500e-01  -4.7241616e-01
  -1.9397412e+02  -1.8650623e+02  -6.6883957e+03   5.0424613e-01  -6.4525694e-01   3.2522038e-01  -4.7287528e-01
  -1.9428150e+02  -1.8697005e+02  -6.7281502e+03   5.0435090e-01  -6.4555564e-01   3.2388265e-01  -4.7327384e-01
  -1.9456343e+02  -1.8739320e+02  -6.7644089e+03   5.0444216e-01  -6.4581735e-01   3.2270542e-01  -4.7362356e-01
  -1.9484837e+02  -1.8781736e+02  -6.8007413e+03   5.0455890e-01  -6.4615240e-01   3.2118792e-01  -4.7407354e-01
  -1.9516477e+02  -1.8828545e+02  -6.8408391e+03   5.0469900e-01  -6.4655674e-01   3.1934394e-01  -4.7461853e-01
  -1.9545460e+02  -1.8871248e+02  -6.8774071e+03   5.0481013e-01  -6.4688037e-01   3.1786005e-01  -4.7505528e-01
  -1.9574668e+02  -1.8914109e+02  -6.9140555e+03   5.0488630e-01  -6.4710505e-01   3.1682802e-01  -4.7535765e-01
  -1.9607210e+02  -1.8961486e+02  -6.9545079e+03   5.0497539e-01  -6.4736875e-01   3.1561086e-01  -4.7571352e-01
  -1.9637169e+02  -1.9004782e+02  -6.9914047e+03   5.0504675e-01  -6.4758165e-01   3.1462526e-01  -4.7600078e-01
  -1.9667581e+02  -1.9048246e+02  -7.0283303e+03   5.0512985e-01  -6.4782978e-01   3.1347008e-01  -4.7633699e-01
  -1.9701645e+02  -1.9096467e+02  -7.0691246e+03   5.0519402e-01  -6.4802407e-01   3.1256532e-01  -4.7659914e-01
  -1.9733214e+02  -1.9140747e+02  -7.1063881e+03   5.0520816e-01  -6.4807113e-01   3.1235331e-01  -4.7665914e-01
  -1.9765337e+02  -1.9185266e+02  -7.1436191e+03   5.0519410e-01  -6.4803521e-01   3.1253340e-01  -4.7660484e-01
  -1.9801502e+02  -1.9234848e+02  -7.1847385e+03   5.0509171e-01  -6.4774107e-01   3.1393063e-01  -4.7619475e-01
  -1.9835533e+02  -1.9280453e+02  -7.2222322e+03   5.0505298e-01  -6.4763343e-01   3.1444619e-01  -4.7604205e-01
  -1.9870848e+02  -1.9326615e+02  -7.2598461e+03   5.0510091e-01  -6.4777887e-01   3.1377355e-01  -4.7623709e-01
  -1.9910948e+02  -1.9378088e+02  -7.3013759e+03   5.0515063e-01  -6.4793054e-01   3.1307086e-01  -4.7644045e-01
  -1.9948418e+02  -1.9425357e+02  -7.3391656e+03   5.0520244e-01  -6.4808824e-01   3.1233670e-01  -4.7665283e-01
  -1.9986826e+02  -1.9473265e+02  -7.3771009e+03   5.0518421e-01  -6.4804007e-01   3.1257469e-01  -4.7658164e-01
  -2.0030086e+02  -1.9526682e+02  -7.4189511e+03   5.0504979e-01  -6.4765239e-01   3.1441076e-01  -4.7604304e-01
  -2.0070560e+02  -1.9575909e+02  -7.4571155e+03   5.0489426e-01  -6.4720622e-01   3.1650538e-01  -4.7542640e-01
  -2.0112267e+02  -1.9625877e+02  -7.4954517e+03   5.0471303e-01  -6.4669046e-01   3.1890457e-01  -4.7471686e-01
  -2.0159239e+02  -1.9681401e+02  -7.5375946e+03   5.0445846e-01  -6.4597294e-01   3.2220376e-01  -4.7373556e-01
  -2.0203116e+02  -1.9732639e+02  -7.5760691e+03   5.0416075e-01  -6.4514425e-01   3.2596161e-01  -4.7260964e-01
  -2.0252721e+02  -1.9789733e+02  -7.6185352e+03   5.0382672e-01  -6.4422845e-01   3.3005461e-01  -4.7137278e-01
  -2.0299028e+02  -1.9842084e+02  -7.6572521e+03   5.0365219e-01  -6.4375780e-01   3.3213869e-01  -4.7073800e-01
  -2.0346106e+02  -1.9894682e+02  -7.6960579e+03   5.0357893e-01  -6.4356440e-01   3.3299619e-01  -4.7047494e-01
  -2.0398517e+02  -1.9952684e+02  -7.7388720e+03   5.0362891e-01  -6.4370583e-01   3.3238703e-01  -4.7065867e-01
  -2.0446340e+02  -2.0005410e+02  -7.7778545e+03   5.0371815e-01  -6.4395394e-01   3.3130617e-01  -4.7098576e-01
  -2.0494503e+02  -2.0058234e+02  -7.8169691e+03   5.0387624e-01  -6.4439176e-01   3.2938089e-01  -4.7156784e-01
  -2.0547784e+02  -2.0116473e+02  -7.8601066e+03   5.0406601e-01  -6.4492103e-01   3.2703418e-01  -4.7227426e-01
  -2.0596369e+02  -2.0169562e+02  -7.8994671e+03   5.0421372e-01  -6.4533708e-01   3.2517643e-01  -4.7283070e-01
  -2.0644842e+02  -2.0222472e+02  -7.9388186e+03   5.0438941e-01  -6.4583492e-01   3.2293458e-01  -4.7349957e-01
  -2.0698078e+02  -2.0280690e+02  -7.9822871e+03   5.0457331e-01  -6.4636117e-01   3.2054471e-01  -4.7420892e-01
  -2.0746671e+02  -2.0333620e+02  -8.0219390e+03   5.0481826e-01  -6.4706775e-01   3.1729703e-01  -4.7516782e-01
  -2.0795062e+02  -2.0386574e+02  -8.0616320e+03   5.0495192e-01  -6.4745994e-01   3.1548156e-01  -4.7570009e-01
  -2.0848317e+02  -2.0445006e+02  -8.1054220e+03   5.0499635e-01  -6.4759517e-01   3.1486043e-01  -4.7588034e-01
  -2.0897113e+02  -2.0498253e+02  -8.1453375e+03   5.0508578e-01  -6.4786185e-01   3.1361917e-01  -4.7624196e-01
  -2.0951348e+02  -2.0557083e+02  -8.1893641e+03   5.0521012e-01  -6.4823350e-01   3.1187636e-01  -4.7674858e-01
  -2.1001220e+02  -2.0610935e+02  -8.2295159e+03   5.0528805e-01  -6.4846963e-01   3.1076612e-01  -4.7706975e-01
  -2.1051472e+02  -2.0665169e+02  -8.2697980e+03   5.0526492e-01  -6.4840652e-01   3.1107655e-01  -4.7697772e-01
  -2.1107469e+02  -2.0724931e+02  -8.3141786e+03   5.0539408e-01  -6.4879692e-01   3.0922690e-01  -4.7751242e-01
  -2.1158708e+02  -2.0779290e+02  -8.3545769e+03   5.0558050e-01  -6.4936318e-01   3.0651403e-01  -4.7829382e-01
  -2.1210094e+02  -2.0833863e+02  -8.3951324e+03   5.0570631e-01  -6.4975131e-01   3.0464120e-01  -4.7882994e-01
  -2.1266682e+02  -2.0894094e+02  -8.4398799e+03   5.0574936e-01  -6.4988917e-01   3.0398069e-01  -4.7901712e-01
  -2.1321847e+02  -2.0931158e+02  -8.4807528e+03   5.0825096e-01  -6.4830541e-01   3.0718276e-01  -4.7646596e-01
  -2.1373788e+02  -2.0986206e+02  -8.5215885e+03   5.0826517e-01  -6.4832001e-01   3.0710609e-01  -4.7648037e-01
  -2.1431234e+02  -2.1047004e+02  -8.5666459e+03   5.0824083e-01  -6.4821370e-01   3.0760518e-01  -4.7632900e-01
  -2.1483656e+02  -2.1102444e+02  -8.6077246e+03   5.0818410e-01  -6.4801061e-01   3.0856050e-01  -4.7604788e-01
  -2.1536232e+02  -2.1157965e+02  -8.6489012e+03   5.0812716e-01  -6.4780882e-01   3.0950882e-01  -4.7576761e-01
  -2.1594441e+02  -2.1219173e+02  -8.6943726e+03   5.0813562e-01  -6.4780344e-01   3.0952798e-01  -4.7575344e-01
  -2.1647241e+02  -2.1274702e+02  -8.7356733e+03   5.0811600e-01  -6.4771469e-01   3.0993810e-01  -4.7562820e-01
  -2.1705377e+02  -2.1336052e+02  -8.7813116e+03   5.0798006e-01  -6.4727203e-01   3.1200578e-01  -4.7502377e-01
  -2.1758312e+02  -2.1391932e+02  -8.8229023e+03   5.0781304e-01  -6.4674452e-01   3.1445269e-01  -4.7430682e-01
  -2.1811408e+02  -2.1447841e+02  -8.8645708e+03   5.0767467e-01  -6.4630702e-01   3.1646375e-01  -4.7371338e-01
  -2.1869372e+02  -2.1509264e+02  -8.9105963e+03   5.0903200e-01  -6.4553122e-01   3.1681530e-01  -4.7307921e-01
  -2.1922070e+02  -2.1565061e+02  -8.9524891e+03   5.1026341e-01  -6.4491472e-01   3.1694848e-01  -4.7250388e-01
  -2.1975018e+02  -2.1620835e+02  -8.9944627e+03   5.1067749e-01  -6.4376462e-01   3.1817335e-01  -4.7280159e-01
  -2.2033396e+02  -2.1682254e+02  -9.0407666e+03   5.1101446e-01  -6.4254632e-01   3.1955108e-01  -4.7316548e-01
  -2.2087170e+02  -2.1738415e+02  -9.0829696e+03   5.1034319e-01  -6.4255158e-01   3.2127775e-01  -4.7271335e-01
  -2.2140851e+02  -2.1794388e+02  -9.1252801e+03   5.1006654e-01  -6.4189709e-01   3.2204427e-01  -4.7337908e-01
  -2.2199701e+02  -2.1856004e+02  -9.1718685e+03   5.0991533e-01  -6.4259439e-01   3.2250397e-01  -4.7228171e-01
  -2.2252500e+02  -2.1911724e+02  -9.2144058e+03   5.1064182e-01  -6.4231490e-01   3.2235452e-01  -4.7197889e-01
  -2.2310596e+02  -2.1972790e+02  -9.2612519e+03   5.1048161e-01  -6.4144965e-01   3.2327199e-01  -4.7270086e-01
  -2.2363395e+02  -2.2028270e+02  -9.3039821e+03   5.1019599e-01  -6.4075922e-01   3.2399546e-01  -4.7344971e-01
  -2.2415885e+02  -2.2083629e+02  -9.3467613e+03   5.1052391e-01  -6.4074856e-01   3.2349060e-01  -4.7345587e-01
  -2.2473580e+02  -2.2144531e+02  -9.3939471e+03   5.1050079e-01  -6.4068882e-01   3.2376504e-01  -4.7337405e-01
  -2.2528625e+02  -2.2202545e+02  -9.4369632e+03   5.1052163e-01  -6.4074929e-01   3.2350309e-01  -4.7344880e-01
  -2.2580489e+02  -2.2257433e+02  -9.4800555e+03   5.1060024e-01  -6.4096884e-01   3.2252997e-01  -4.7373069e-01
  -2.2637056e+02  -2.2316498e+02  -9.5276471e+03   5.1082609e-01  -6.4097398e-01   3.2211159e-01  -4.7376491e-01
  -2.2687391e+02  -2.2370655e+02  -9.5708890e+03   5.1054904e-01  -6.4019410e-01   3.2341445e-01  -4.7423021e-01
  -2.2737521e+02  -2.2424674e+02  -9.6142778e+03   5.1011579e-01  -6.3953483e-01   3.2459619e-01  -4.7477828e-01
  -2.2792612e+02  -2.2484100e+02  -9.6621078e+03   5.0945118e-01  -6.4032915e-01   3.2511397e-01  -4.7406643e-01
  -2.2854015e+02  -2.2431151e+02  -9.7060297e+03   5.3450418e-01  -6.2145120e-01   3.3608213e-01  -4.6384534e-01
  -2.2906904e+02  -2.2489772e+02  -9.7541139e+03   5.3546590e-01  -6.2057286e-01   3.3635021e-01  -4.6371775e-01
  -2.2957653e+02  -2.2487231e+02  -9.7983663e+03   5.4418578e-01  -6.1440119e-01   3.4752488e-01  -4.5343079e-01
  -2.3005414e+02  -2.2539918e+02  -9.8422490e+03   5.4481058e-01  -6.1384049e-01   3.4719727e-01  -4.5369081e-01
  -2.3057731e+02  -2.2597652e+02  -9.8906404e+03   5.4495154e-01  -6.1349557e-01   3.4744875e-01  -4.5379554e-01
  -2.3105459e+02  -2.2649932e+02  -9.9347273e+03   5.4423333e-01  -6.1382349e-01   3.4706511e-01  -4.5450701e-01
  -2.3152592e+02  -2.2701875e+02  -9.9789882e+03   5.4366586e-01  -6.1382215e-01   3.4707851e-01  -4.5517723e-01
  -2.3202684e+02  -2.2758118e+02  -1.0027613e+04   5.4471834e-01  -6.1249328e-01   3.4668227e-01  -4.5601022e-01
  -2.3248827e+02  -2.2809700e+02  -1.0072005e+04   5.4502572e-01  -6.1177452e-01   3.4740808e-01  -4.5605540e-01
  -2.3293751e+02  -2.2860396e+02  -1.0116486e+04   5.4525856e-01  -6.1032242e-01   3.4876534e-01  -4.5668631e-01
  -2.3342520e+02  -2.2916012e+02  -1.0165517e+04   5.4603010e-01  -6.0972557e-01   3.4880334e-01  -4.5653269e-01
  -2.3391542e+02  -2.2977714e+02  -1.0210331e+04   5.4762023e-01  -6.0893273e-01   3.4845185e-01  -4.5595431e-01
  -2.3435466e+02  -2.3027926e+02  -1.0255138e+04   5.4870263e-01  -6.0913633e-01   3.4675707e-01  -4.5567302e-01
  -2.3484001e+02  -2.3082973e+02  -1.0304465e+04   5.4883505e-01  -6.0947295e-01   3.4552741e-01  -4.5599739e-01
  -2.3529109e+02  -2.3139307e+02  -1.0349506e+04   5.4903097e-01  -6.0997884e-01   3.4367548e-01  -4.5648437e-01
  -2.3577569e+02  -2.3194285e+02  -1.0399096e+04   5.4917000e-01  -6.1033716e-01   3.4235691e-01  -4.5682886e-01
  -2.3621537e+02  -2.3244281e+02  -1.0444313e+04   5.4925731e-01  -6.1056090e-01   3.4153046e-01  -4.5704349e-01
  -2.3665369e+02  -2.3294232e+02  -1.0489585e+04   5.4930192e-01  -6.1067210e-01   3.4111812e-01  -4.5714923e-01
  -2.3713511e+02  -2.3349191e+02  -1.0539499e+04   5.4931097e-01  -6.1068850e-01   3.4105575e-01  -4.5716298e-01
  -2.3757465e+02  -2.3399138e+02  -1.0585006e+04   5.4941913e-01  -6.1096874e-01   3.4001664e-01  -4.5743252e-01
  -2.3801727e+02  -2.3449164e+02  -1.0630643e+04   5.4961867e-01  -6.1149450e-01   3.3805984e-01  -4.5794033e-01
  -2.3850615e+02  -2.3504275e+02  -1.0680837e+04   5.4983808e-01  -6.1207704e-01   3.3587817e-01  -4.5850371e-01
  -2.3895400e+02  -2.3554741e+02  -1.0726664e+04   5.4997929e-01  -6.1245243e-01   3.3446412e-01  -4.5886660e-01
  -2.3945062e+02  -2.3610423e+02  -1.0777129e+04   5.5018193e-01  -6.1299712e-01   3.3240216e-01  -4.5939436e-01
  -2.3990366e+02  -2.3661347e+02  -1.0823158e+04   5.5025627e-01  -6.1319372e-01   3.3165369e-01  -4.5958388e-01
  -2.4035834e+02  -2.3712439e+02  -1.0869287e+04   5.5029525e-01  -6.1329361e-01   3.3127189e-01  -4.5967927e-01
  -2.4083735e+02  -2.3773885e+02  -1.0920055e+04   5.4986110e-01  -6.1448460e-01   3.2863599e-01  -4.6049955e-01
  -2.4130273e+02  -2.3825550e+02  -1.0966388e+04   5.4873508e-01  -6.1507437e-01   3.2899290e-01  -4.6080040e-01
  -2.4176904e+02  -2.3877414e+02  -1.1012806e+04   5.4772334e-01  -6.1513450e-01   3.3008797e-01  -4.6114057e-01
  -2.4228098e+02  -2.3934598e+02  -1.1063977e+04   5.4764923e-01  -6.1527721e-01   3.3069696e-01  -4.6060157e-01
  -2.4274949e+02  -2.3986689e+02  -1.1110627e+04   5.4737585e-01  -6.1530299e-01   3.3102947e-01  -4.6065323e-01
  -2.4321618e+02  -2.4038818e+02  -1.1157340e+04   5.4708214e-01  -6.1493767e-01   3.3242382e-01  -4.6048584e-01
  -2.4373249e+02  -2.4096200e+02  -1.1208857e+04   5.4629058e-01  -6.1420951e-01   3.3395676e-01  -4.6128751e-01
  -2.4420323e+02  -2.4148476e+02  -1.1255788e+04   5.4593436e-01  -6.1389416e-01   3.3477103e-01  -4.6153874e-01
  -2.4472022e+02  -2.4206059e+02  -1.1307549e+04   5.4639618e-01  -6.1385791e-01   3.3488673e-01  -4.6095614e-01
  -2.4518784e+02  -2.4258430e+02  -1.1354744e+04   5.4739188e-01  -6.1370922e-01   3.3500441e-01  -4.5988605e-01
  -2.4565543e+02  -2.4310604e+02  -1.1401945e+04   5.4807409e-01  -6.1346823e-01   3.3485809e-01  -4.5950145e-01
  -2.4617132e+02  -2.4368098e+02  -1.1454003e+04   5.4794401e-01  -6.1327959e-01   3.3589360e-01  -4.5915248e-01
  -2.4663968e+02  -2.4420284e+02  -1.1501444e+04   5.4770681e-01  -6.1280370e-01   3.3692201e-01  -4.5931737e-01
  -2.4733959e+02  -2.4264841e+02  -1.1550159e+04   5.8557474e-01  -5.8202012e-01   3.7423034e-01  -4.2226348e-01
  -2.4827147e+02  -2.4323593e+02  -1.1601793e+04   5.8021826e-01  -5.6879972e-01   3.8715896e-01  -4.3579995e-01
  -2.4875335e+02  -2.4382790e+02  -1.1649494e+04   5.7945420e-01  -5.6888107e-01   3.8807916e-01  -4.3589188e-01
  -2.4922408e+02  -2.4434659e+02  -1.1697337e+04   5.8088744e-01  -5.6782416e-01   3.8920092e-01  -4.3435947e-01
  -2.4974249e+02  -2.4491827e+02  -1.1750103e+04   5.8240504e-01  -5.6675704e-01   3.9031663e-01  -4.3271672e-01
  -2.5027066e+02  -2.4522884e+02  -1.1798279e+04   5.8479218e-01  -5.6475059e-01   3.9522204e-01  -4.2763819e-01
  -2.5072900e+02  -2.4573512e+02  -1.1846412e+04   5.8456683e-01  -5.6486520e-01   3.9511693e-01  -4.2789198e-01
  -2.5125329e+02  -2.4631147e+02  -1.1899503e+04   5.8413753e-01  -5.6486802e-01   3.9520278e-01  -4.2839495e-01
  -2.5173125e+02  -2.4683611e+02  -1.1947868e+04   5.8363118e-01  -5.6477903e-01   3.9541687e-01  -4.2900443e-01
  -2.5225446e+02  -2.4741257e+02  -1.2001165e+04   5.8358103e-01  -5.6491904e-01   3.9523071e-01  -4.2905986e-01
  -2.5273000e+02  -2.4793657e+02  -1.2049843e+04   5.8362813e-01  -5.6515504e-01   3.9489750e-01  -4.2899180e-01
  -2.5319756e+02  -2.4845488e+02  -1.2098412e+04   5.8393281e-01  -5.6497519e-01   3.9505478e-01  -4.2866914e-01
  -2.5373339e+02  -2.4928518e+02  -1.2152241e+04   5.8302225e-01  -5.6433223e-01   3.9625380e-01  -4.2964768e-01
  -2.5414118e+02  -2.4981801e+02  -1.2201163e+04   5.8285553e-01  -5.6342635e-01   3.9746233e-01  -4.2994637e-01
  -2.5460107e+02  -2.5031473e+02  -1.2250131e+04   5.8284295e-01  -5.6245669e-01   3.9829995e-01  -4.3045758e-01
  -2.5510169e+02  -2.5087367e+02  -1.2304192e+04   5.8249892e-01  -5.6197345e-01   3.9921091e-01  -4.3071046e-01
  -2.5554883e+02  -2.5137650e+02  -1.2353288e+04   5.8255691e-01  -5.6117867e-01   4.0012887e-01  -4.3081649e-01
  -2.5599416e+02  -2.5194229e+02  -1.2402516e+04   5.8119495e-01  -5.6164121e-01   3.9983972e-01  -4.3231908e-01
  -2.5646956e+02  -2.5251577e+02  -1.2456824e+04   5.8069617e-01  -5.6200608e-01   3.9969903e-01  -4.3264513e-01
  -2.5691323e+02  -2.5301143e+02  -1.2506271e+04   5.8034460e-01  -5.6257607e-01   3.9934813e-01  -4.3270011e-01
  -2.5735158e+02  -2.5350429e+02  -1.2555903e+04   5.8057942e-01  -5.6296808e-01   3.9851503e-01  -4.3264333e-01
  -2.5783310e+02  -2.5404202e+02  -1.2610434e+04   5.8031011e-01  -5.6351281e-01   3.9759488e-01  -4.3314179e-01
  -2.5826831e+02  -2.5452964e+02  -1.2660196e+04   5.8005310e-01  -5.6414543e-01   3.9682460e-01  -4.3336887e-01
  -2.5874380e+02  -2.5506261e+02  -1.2715041e+04   5.7977857e-01  -5.6466793e-01   3.9591846e-01  -4.3388422e-01
  -2.5917213e+02  -2.5554421e+02  -1.2765007e+04   5.7964659e-01  -5.6501282e-01   3.9508006e-01  -4.3437553e-01
  -2.5957591e+02  -2.5601401e+02  -1.2815122e+04   5.7933870e-01  -5.6516021e-01   3.9487883e-01  -4.3477733e-01
  -2.6003498e+02  -2.5653702e+02  -1.2870227e+04   5.7979510e-01  -5.6532147e-01   3.9395593e-01  -4.3479651e-01
  -2.6045234e+02  -2.5700960e+02  -1.2920489e+04   5.8003635e-01  -5.6584828e-01   3.9241169e-01  -4.3518573e-01
  -2.6086039e+02  -2.5746924e+02  -1.2970842e+04   5.8024473e-01  -5.6630324e-01   3.9107253e-01  -4.3552150e-01
  -2.6130762e+02  -2.5798148e+02  -1.3026336e+04   5.8035996e-01  -5.6654787e-01   3.9034633e-01  -4.3570125e-01
  -2.6170970e+02  -2.5844370e+02  -1.3076887e+04   5.8044793e-01  -5.6673272e-01   3.8979542e-01  -4.3583684e-01
  -2.6210827e+02  -2.5890291e+02  -1.3127548e+04   5.8054555e-01  -5.6693969e-01   3.8917865e-01  -4.3598881e-01
  -2.6254284e+02  -2.5940466e+02  -1.3183388e+04   5.8066634e-01  -5.6719817e-01   3.8840819e-01  -4.3617879e-01
  -2.6293221e+02  -2.5985768e+02  -1.3234223e+04   5.8066349e-01  -5.6717765e-01   3.8846099e-01  -4.3616224e-01
  -2.6335607e+02  -2.6035277e+02  -1.3290329e+04   5.8064444e-01  -5.6711893e-01   3.8862564e-01  -4.3611727e-01
  -2.6373806e+02  -2.6079808e+02  -1.3341372e+04   5.8075110e-01  -5.6734712e-01   3.8794444e-01  -4.3628492e-01
  -2.6411791e+02  -2.6123910e+02  -1.3392481e+04   5.8102210e-01  -5.6795054e-01   3.8615027e-01  -4.3673045e-01
  -2.6453098e+02  -2.6172138e+02  -1.3448859e+04   5.8125425e-01  -5.6846635e-01   3.8460833e-01  -4.3711091e-01
  -2.6490216e+02  -2.6215596e+02  -1.3500179e+04   5.8147692e-01  -5.6896394e-01   3.8311572e-01  -4.3747798e-01
  -2.6526904e+02  -2.6258725e+02  -1.3551720e+04   5.8170243e-01  -5.6947014e-01   3.8159170e-01  -4.3785137e-01
  -2.6566015e+02  -2.6305703e+02  -1.3608356e+04   5.8154614e-01  -5.6909345e-01   3.8271169e-01  -4.3757114e-01
  -2.6601310e+02  -2.6348110e+02  -1.3659978e+04   5.8146635e-01  -5.6889536e-01   3.8329610e-01  -4.3742320e-01
  -2.6637069e+02  -2.6390150e+02  -1.3711735e+04   5.8189096e-01  -5.6986255e-01   3.8038788e-01  -4.3813772e-01
  -2.6675956e+02  -2.6436149e+02  -1.3768788e+04   5.8227550e-01  -5.7074253e-01   3.7772187e-01  -4.3878742e-01
  -2.6710374e+02  -2.6477555e+02  -1.3820784e+04   5.8239110e-01  -5.7099867e-01   3.7693703e-01  -4.3897564e-01
  -2.6747623e+02  -2.6522220e+02  -1.3877952e+04   5.8274243e-01  -5.7180905e-01   3.7446050e-01  -4.3957367e-01
  -2.6780897e+02  -2.6562582e+02  -1.3930108e+04   5.8291533e-01  -5.7220329e-01   3.7324629e-01  -4.3986399e-01
  -2.6813850e+02  -2.6602801e+02  -1.3982349e+04   5.8300595e-01  -5.7240351e-01   3.7262417e-01  -4.4001082e-01
  -2.6849738e+02  -2.6646570e+02  -1.4039921e+04   5.8321818e-01  -5.7289217e-01   3.7111280e-01  -4.4037077e-01
  -2.6881520e+02  -2.6685937e+02  -1.4092376e+04   5.8323569e-01  -5.7291913e-01   3.7102143e-01  -4.4038950e-01
  -2.6912791e+02  -2.6724910e+02  -1.4144895e+04   5.8322856e-01  -5.7288738e-01   3.7111093e-01  -4.4036483e-01
  -2.6947186e+02  -2.6767534e+02  -1.4202802e+04   5.8338371e-01  -5.7324164e-01   3.7000915e-01  -4.4062536e-01
  -2.6978648e+02  -2.6806096e+02  -1.4255520e+04   5.8374469e-01  -5.7409379e-01   3.6736008e-01  -4.4125393e-01
  -2.7009944e+02  -2.6844466e+02  -1.4308408e+04   5.8415064e-01  -5.7506228e-01   3.6432872e-01  -4.4196832e-01
  -2.7043668e+02  -2.6886338e+02  -1.4366714e+04   5.8444142e-01  -5.7575587e-01   3.6214005e-01  -4.4247937e-01
  -2.7073522e+02  -2.6923920e+02  -1.4419670e+04   5.8456483e-01  -5.7604364e-01   3.6122373e-01  -4.4269076e-01
  -2.7105617e+02  -2.6964853e+02  -1.4478101e+04   5.8457945e-01  -5.7606285e-01   3.6115354e-01  -4.4270372e-01
  -2.7134399e+02  -2.7001645e+02  -1.4531356e+04   5.8465747e-01  -5.7623962e-01   3.6058615e-01  -4.4283313e-01
  -2.7162721e+02  -2.7038103e+02  -1.4584688e+04   5.8470287e-01  -5.7633627e-01   3.6027165e-01  -4.4290338e-01
  -2.7193314e+02  -2.7077922e+02  -1.4643486e+04   5.8464242e-01  -5.7617055e-01   3.6078636e-01  -4.4277980e-01
  -2.7220650e+02  -2.7113795e+02  -1.4697027e+04   5.8454216e-01  -5.7590885e-01   3.6160417e-01  -4.4258546e-01
  -2.7250210e+02  -2.7152743e+02  -1.4756038e+04   5.8449056e-01  -5.7576553e-01   3.6204654e-01  -4.4247841e-01
  -2.7276342e+02  -2.7187569e+02  -1.4809818e+04   5.8443050e-01  -5.7560319e-01   3.6254914e-01  -4.4235742e-01
  -2.7301545e+02  -2.7221608e+02  -1.4863681e+04   5.8437929e-01  -5.7546275e-01   3.6298225e-01  -4.4225260e-01
  -2.7325551e+02  -2.7254444e+02  -1.4917529e+04   5.8444861e-01  -5.7561725e-01   3.6248773e-01  -4.4236553e-01
  -2.7350122e+02  -2.7288934e+02  -1.4976922e+04   5.8460546e-01  -5.7598536e-01   3.6131796e-01  -4.4263604e-01
  -2.7370324e+02  -2.7318579e+02  -1.5031042e+04   5.8471723e-01  -5.7624523e-01   3.6048810e-01  -4.4282674e-01
  -2.7390136e+02  -2.7349070e+02  -1.5090640e+04   5.8491483e-01  -5.7671658e-01   3.5898466e-01  -4.4317339e-01
  -2.7405427e+02  -2.7374680e+02  -1.5144975e+04   5.8501491e-01  -5.7694938e-01   3.5823596e-01  -4.4334409e-01
  -2.7417602e+02  -2.7397730e+02  -1.5199333e+04   5.8509630e-01  -5.7713628e-01   3.5763211e-01  -4.4348090e-01
  -2.7426875e+02  -2.7419825e+02  -1.5259200e+04   5.8509056e-01  -5.7710507e-01   3.5772192e-01  -4.4345668e-01
  -2.7431552e+02  -2.7436768e+02  -1.5313740e+04   5.8511513e-01  -5.7715080e-01   3.5756742e-01  -4.4348933e-01
  -2.7432500e+02  -2.7450717e+02  -1.5368343e+04   5.8508195e-01  -5.7705292e-01   3.5787047e-01  -4.4341603e-01
  -2.7429210e+02  -2.7462571e+02  -1.5428588e+04   5.8499973e-01  -5.7683184e-01   3.5856417e-01  -4.4325172e-01
  -2.7422167e+02  -2.7470168e+02  -1.5483302e+04   5.8479564e-01  -5.7631173e-01   3.6020519e-01  -4.4286688e-01
  -2.7411800e+02  -2.7474709e+02  -1.5538157e+04   5.8479568e-01  -5.7629657e-01   3.6024451e-01  -4.4285458e-01
  -2.7396814e+02  -2.7476675e+02  -1.5598611e+04   5.8484131e-01  -5.7639239e-01   3.5993157e-01  -4.4292406e-01
  -2.7380917e+02  -2.7476539e+02  -1.5653613e+04   5.8490335e-01  -5.7653041e-01   3.5948550e-01  -4.4302477e-01
  -2.7361972e+02  -2.7475431e+02  -1.5714278e+04   5.8482275e-01  -5.7631448e-01   3.6016001e-01  -4.4286426e-01
  -2.7344154e+02  -2.7474025e+02  -1.5769490e+04   5.8468365e-01  -5.7595662e-01   3.6128245e-01  -4.4259913e-01
  -2.7325917e+02  -2.7472341e+02  -1.5824814e+04   5.8450325e-01  -5.7549887e-01   3.6271595e-01  -4.4226027e-01
  -2.7305567e+02  -2.7470127e+02  -1.5885806e+04   5.8438628e-01  -5.7519633e-01   3.6365675e-01  -4.4203579e-01
  -2.7286648e+02  -2.7467817e+02  -1.5941320e+04   5.8424336e-01  -5.7483309e-01   3.6478608e-01  -4.4176661e-01
  -2.7267117e+02  -2.7465157e+02  -1.5997057e+04   5.8401813e-01  -5.7427174e-01   3.6652957e-01  -4.4135120e-01
  -2.7244996e+02  -2.7461765e+02  -1.6058249e+04   5.8369511e-01  -5.7347692e-01   3.6898779e-01  -4.4076327e-01
  -2.7224425e+02  -2.7458226e+02  -1.6114082e+04   5.8346486e-01  -5.7291071e-01   3.7072787e-01  -4.4034411e-01
  -2.7203444e+02  -2.7454314e+02  -1.6170018e+04   5.8325666e-01  -5.7239983e-01   3.7229055e-01  -4.3996575e-01
  -2.7179790e+02  -2.7449524e+02  -1.6231595e+04   5.8302410e-01  -5.7183219e-01   3.7401974e-01  -4.3954531e-01
  -2.7157556e+02  -2.7444720e+02  -1.6287762e+04   5.8272486e-01  -5.7111198e-01   3.7620620e-01  -4.3901224e-01
  -2.7134841e+02  -2.7439465e+02  -1.6343952e+04   5.8244815e-01  -5.7044890e-01   3.7820801e-01  -4.3852129e-01
  -2.7109409e+02  -2.7433201e+02  -1.6405923e+04   5.8217534e-01  -5.6983914e-01   3.7998103e-01  -4.3814341e-01
  -2.7084795e+02  -2.7426623e+02  -1.6462427e+04   5.8261087e-01  -5.6949714e-01   3.8021297e-01  -4.3780783e-01
  -2.7056727e+02  -2.7418153e+02  -1.6524578e+04   5.8278084e-01  -5.6880457e-01   3.8088619e-01  -4.3789677e-01
  -2.7029752e+02  -2.7409144e+02  -1.6581098e+04   5.8286653e-01  -5.6814793e-01   3.8156258e-01  -4.3804628e-01
  -2.7001304e+02  -2.7398726e+02  -1.6637752e+04   5.8282080e-01  -5.6758587e-01   3.8218930e-01  -4.3828934e-01
  -2.6967965e+02  -2.7385652e+02  -1.6700236e+04   5.8255679e-01  -5.6729092e-01   3.8330028e-01  -4.3805193e-01
  -2.6936108e+02  -2.7372467e+02  -1.6757120e+04   5.8235143e-01  -5.6750191e-01   3.8383526e-01  -4.3758301e-01
  -2.6903415e+02  -2.7358377e+02  -1.6814174e+04   5.8218898e-01  -5.6701458e-01   3.8444217e-01  -4.3789803e-01
  -2.6866961e+02  -2.7342504e+02  -1.6876873e+04   5.8173431e-01  -5.6628233e-01   3.8609229e-01  -4.3799803e-01
  -2.6833154e+02  -2.7327916e+02  -1.6934042e+04   5.8133420e-01  -5.6618905e-01   3.8771620e-01  -4.3721466e-01
  -2.6795296e+02  -2.7311556e+02  -1.6997012e+04   5.8111061e-01  -5.6597046e-01   3.8942482e-01  -4.3627539e-01
  -2.6760662e+02  -2.7296212e+02  -1.7054392e+04   5.8094802e-01  -5.6559030e-01   3.9053365e-01  -4.3599368e-01
  -2.6726032e+02  -2.7280619e+02  -1.7111920e+04   5.8095569e-01  -5.6559343e-01   3.9051652e-01  -4.3599475e-01
  -2.6687410e+02  -2.7262730e+02  -1.7175208e+04   5.8115680e-01  -5.6603059e-01   3.8922308e-01  -4.3631588e-01
  -2.6651788e+02  -2.7246060e+02  -1.7232846e+04   5.8132881e-01  -5.6640483e-01   3.8811206e-01  -4.3659069e-01
  -2.6615672e+02  -2.7229007e+02  -1.7290641e+04   5.8149107e-01  -5.6675807e-01   3.8706012e-01  -4.3684998e-01
  -2.6575285e+02  -2.7209849e+02  -1.7354295e+04   5.8156574e-01  -5.6691185e-01   3.8659593e-01  -4.3696206e-01
  -2.6537809e+02  -2.7191917e+02  -1.7412291e+04   5.8156049e-01  -5.6688567e-01   3.8666539e-01  -4.3694156e-01
  -2.6499472e+02  -2.7173288e+02  -1.7470283e+04   5.8152778e-01  -5.6679721e-01   3.8691921e-01  -4.3687514e-01
  -2.6456025e+02  -2.7151585e+02  -1.7534293e+04   5.8161050e-01  -5.6696933e-01   3.8640055e-01  -4.3700072e-01
  -2.6415287e+02  -2.7130596e+02  -1.7592536e+04   5.8183213e-01  -5.6745958e-01   3.8493690e-01  -4.3736094e-01
  -2.6368785e+02  -2.7105998e+02  -1.7656715e+04   5.8214739e-01  -5.6816495e-01   3.8282441e-01  -4.3787954e-01
  -2.6324728e+02  -2.7082207e+02  -1.7715205e+04   5.8240672e-01  -5.6874689e-01   3.8107241e-01  -4.3830721e-01
  -2.6278942e+02  -2.7057026e+02  -1.7773679e+04   5.8261954e-01  -5.6922401e-01   3.7962882e-01  -4.3865758e-01
  -2.6226228e+02  -2.7027556e+02  -1.7838159e+04   5.8274184e-01  -5.6949141e-01   3.7881297e-01  -4.3885331e-01
  -2.6176192e+02  -2.6999074e+02  -1.7896876e+04   5.8281078e-01  -5.6963688e-01   3.7836508e-01  -4.3895933e-01
  -2.6124108e+02  -2.6968920e+02  -1.7955701e+04   5.8286379e-01  -5.6974551e-01   3.7802818e-01  -4.3903822e-01
  -2.6064536e+02  -2.6933793e+02  -1.8020483e+04   5.8296032e-01  -5.6995410e-01   3.7738735e-01  -4.3919060e-01
  -2.6008466e+02  -2.6900364e+02  -1.8079436e+04   5.8298141e-01  -5.6998862e-01   3.7727435e-01  -4.3921490e-01
  -2.5951364e+02  -2.6866181e+02  -1.8138521e+04   5.8294002e-01  -5.6987762e-01   3.7760228e-01  -4.3913205e-01
  -2.5888104e+02  -2.6828172e+02  -1.8203610e+04   5.8291564e-01  -5.6980480e-01   3.7781355e-01  -4.3907719e-01
  -2.5830338e+02  -2.6793270e+02  -1.8263003e+04   5.8300036e-01  -5.6998746e-01   3.7725186e-01  -4.3921057e-01
  -2.5772477e+02  -2.6758263e+02  -1.8322300e+04   5.8307434e-01  -5.7014536e-01   3.7676453e-01  -4.3932571e-01
  -2.5708491e+02  -2.6719467e+02  -1.8387647e+04   5.8316066e-01  -5.7033090e-01   3.7619180e-01  -4.3946109e-01
  -2.5649915e+02  -2.6683900e+02  -1.8447259e+04   5.8322756e-01  -5.7047269e-01   3.7575221e-01  -4.3956436e-01
  -2.5591131e+02  -2.6648104e+02  -1.8506909e+04   5.8332406e-01  -5.7068410e-01   3.7510002e-01  -4.3971887e-01
  -2.5525970e+02  -2.6608345e+02  -1.8572808e+04   5.8343359e-01  -5.7092499e-01   3.7435590e-01  -4.3989496e-01
  -2.5466527e+02  -2.6572140e+02  -1.8632607e+04   5.8343087e-01  -5.7090388e-01   3.7441185e-01  -4.3987833e-01
  -2.5406995e+02  -2.6535915e+02  -1.8692522e+04   5.8339474e-01  -5.7080429e-01   3.7470726e-01  -4.3980395e-01
  -2.5342327e+02  -2.6496726e+02  -1.8758593e+04   5.8337593e-01  -5.7074396e-01   3.7488194e-01  -4.3975834e-01
  -2.5284886e+02  -2.6462172e+02  -1.8818808e+04   5.8339596e-01  -5.7077624e-01   3.7477503e-01  -4.3978100e-01
  -2.5229075e+02  -2.6428806e+02  -1.8879233e+04   5.8353854e-01  -5.7109664e-01   3.7378821e-01  -4.4001567e-01
  -2.5169967e+02  -2.6393929e+02  -1.8945524e+04   5.8370039e-01  -5.7146208e-01   3.7266007e-01  -4.4028334e-01
  -2.5117818e+02  -2.6363628e+02  -1.9006047e+04   5.8381080e-01  -5.7170833e-01   3.7189584e-01  -4.4046342e-01
  -2.5067054e+02  -2.6334731e+02  -1.9066710e+04   5.8376035e-01  -5.7157411e-01   3.7229932e-01  -4.4036361e-01
  -2.5012956e+02  -2.6304424e+02  -1.9133504e+04   5.8367461e-01  -5.7135529e-01   3.7296080e-01  -4.4020146e-01
  -2.4965111e+02  -2.6277912e+02  -1.9194400e+04   5.8365214e-01  -5.7128748e-01   3.7315995e-01  -4.4015050e-01
  -2.4918453e+02  -2.6252127e+02  -1.9255353e+04   5.8379250e-01  -5.7160421e-01   3.7218045e-01  -4.4038239e-01
  -2.4868238e+02  -2.6224466e+02  -1.9322491e+04   5.8408465e-01  -5.7228107e-01   3.7008814e-01  -4.4087898e-01
  -2.4823117e+02  -2.6199844e+02  -1.9383650e+04   5.8429654e-01  -5.7277164e-01   3.6856300e-01  -4.4123862e-01
  -2.4778143e+02  -2.6175548e+02  -1.9444950e+04   5.8438169e-01  -5.7296041e-01   3.6796921e-01  -4.4137635e-01
  -2.4728559e+02  -2.6149306e+02  -1.9512509e+04   5.8410347e-01  -5.7227954e-01   3.7006595e-01  -4.4087466e-01
  -2.4683665e+02  -2.6125713e+02  -1.9573948e+04   5.8376535e-01  -5.7146275e-01   3.7256950e-01  -4.4027300e-01
  -2.4639540e+02  -2.6102182e+02  -1.9635496e+04   5.8380367e-01  -5.7153852e-01   3.7232861e-01  -4.4032763e-01
  -2.4591925e+02  -2.6076423e+02  -1.9703377e+04   5.8427254e-01  -5.7263646e-01   3.6893656e-01  -4.4113367e-01
  -2.4548932e+02  -2.6053522e+02  -1.9765162e+04   5.8451572e-01  -5.7320391e-01   3.6716824e-01  -4.4154970e-01
  -2.4506231e+02  -2.6031153e+02  -1.9827077e+04   5.8457552e-01  -5.7333254e-01   3.6675952e-01  -4.4164320e-01
  -2.4459717e+02  -2.6007232e+02  -1.9895260e+04   5.8443906e-01  -5.7298837e-01   3.6781919e-01  -4.4138914e-01
  -2.4418466e+02  -2.5985985e+02  -1.9957352e+04   5.8454698e-01  -5.7323232e-01   3.6705286e-01  -4.4156737e-01
  -2.4374225e+02  -2.5963263e+02  -2.0025759e+04   5.8485405e-01  -5.7395602e-01   3.6478712e-01  -4.4209795e-01
  -2.4335104e+02  -2.5943227e+02  -2.0088203e+04   5.8533809e-01  -5.7511849e-01   3.6112698e-01  -4.4295074e-01
  -2.4296928e+02  -2.5924220e+02  -2.0150512e+04   5.8563184e-01  -5.7582459e-01   3.5888348e-01  -4.4346820e-01
  -2.4255434e+02  -2.5904545e+02  -2.0219296e+04   5.8545235e-01  -5.7536625e-01   3.6032547e-01  -4.4313066e-01
  -2.4218136e+02  -2.5887829e+02  -2.0281966e+04   5.8476688e-01  -5.7368310e-01   3.6560286e-01  -4.4189360e-01
  -2.4182304e+02  -2.5871880e+02  -2.0344713e+04   5.8436437e-01  -5.7270112e-01   3.6864583e-01  -4.4117114e-01
  -2.4144595e+02  -2.5855120e+02  -2.0413934e+04   5.8434181e-01  -5.7263069e-01   3.6885424e-01  -4.4111824e-01
  -2.4111747e+02  -2.5840656e+02  -2.0476839e+04   5.8457519e-01  -5.7317485e-01   3.6715828e-01  -4.4151697e-01
  -2.4079934e+02  -2.5826945e+02  -2.0539851e+04   5.8487622e-01  -5.7388532e-01   3.6493569e-01  -4.4203779e-01
  -2.4045808e+02  -2.5812803e+02  -2.0609327e+04   5.8507235e-01  -5.7434405e-01   3.6348992e-01  -4.4237354e-01
  -2.4015405e+02  -2.5800901e+02  -2.0672652e+04   5.8497649e-01  -5.7409621e-01   3.6425757e-01  -4.4219055e-01
  -2.3985734e+02  -2.5789941e+02  -2.0736178e+04   5.8467890e-01  -5.7336230e-01   3.6653927e-01  -4.4165058e-01
  -2.3954437e+02  -2.5779024e+02  -2.0805899e+04   5.8429641e-01  -5.7242926e-01   3.6942269e-01  -4.4096409e-01
  -2.3927167e+02  -2.5770104e+02  -2.0869499e+04   5.8394753e-01  -5.7158514e-01   3.7201331e-01  -4.4034285e-01
  -2.3898494e+02  -2.5761374e+02  -2.0939624e+04   5.8357913e-01  -5.7070003e-01   3.7471126e-01  -4.3969121e-01
  -2.3873530e+02  -2.5754293e+02  -2.1003419e+04   5.8327421e-01  -5.6997131e-01   3.7691811e-01  -4.3915447e-01
  -2.3849474e+02  -2.5747910e+02  -2.1067359e+04   5.8301162e-01  -5.6934535e-01   3.7880290e-01  -4.3869317e-01
  -2.3823972e+02  -2.5741551e+02  -2.1137774e+04   5.8280657e-01  -5.6885423e-01   3.8027287e-01  -4.3833083e-01
  -2.3801445e+02  -2.5736234e+02  -2.1201893e+04   5.8267363e-01  -5.6853273e-01   3.8122993e-01  -4.3809328e-01
  -2.3777118e+02  -2.5730807e+02  -2.1272578e+04   5.8250200e-01  -5.6812165e-01   3.8245181e-01  -4.3778972e-01
  -2.3755314e+02  -2.5726130e+02  -2.1336927e+04   5.8234592e-01  -5.6774902e-01   3.8355617e-01  -4.3751452e-01
  -2.3733822e+02  -2.5721579e+02  -2.1401410e+04   5.8228256e-01  -5.6758953e-01   3.8402325e-01  -4.3739604e-01
  -2.3710623e+02  -2.5716624e+02  -2.1472415e+04   5.8241905e-01  -5.6788651e-01   3.8312884e-01  -4.3761314e-01
  -2.3689790e+02  -2.5712074e+02  -2.1537064e+04   5.8271408e-01  -5.6855089e-01   3.8113276e-01  -4.3810047e-01
  -2.3668826e+02  -2.5707522e+02  -2.1601810e+04   5.8293769e-01  -5.6905342e-01   3.7961431e-01  -4.3846874e-01
  -2.3645711e+02  -2.5702408e+02  -2.1673229e+04   5.8323438e-01  -5.6972678e-01   3.7757262e-01  -4.3896238e-01
  -2.3624837e+02  -2.5697502e+02  -2.1738113e+04   5.8372857e-01  -5.7086957e-01   3.7409097e-01  -4.3980091e-01
  -2.3602872e+02  -2.5692495e+02  -2.1803138e+04   5.8369989e-01  -5.7078734e-01   3.7433341e-01  -4.3973942e-01
  -2.3577915e+02  -2.5686719e+02  -2.1874925e+04   5.8342907e-01  -5.7013587e-01   3.7630654e-01  -4.3925961e-01
  -2.3554913e+02  -2.5681187e+02  -2.1940104e+04   5.8317121e-01  -5.6951971e-01   3.7816418e-01  -4.3880577e-01
  -2.3529618e+02  -2.5674564e+02  -2.2012080e+04   5.8326787e-01  -5.6972875e-01   3.7752288e-01  -4.3895812e-01
  -2.3506820e+02  -2.5667898e+02  -2.2077431e+04   5.8386310e-01  -5.7110994e-01   3.7331265e-01  -4.3997158e-01
  -2.3483077e+02  -2.5661103e+02  -2.2142967e+04   5.8403741e-01  -5.7150714e-01   3.7208753e-01  -4.4026217e-01
  -2.3455690e+02  -2.5653531e+02  -2.2215187e+04   5.8360529e-01  -5.7047233e-01   3.7523994e-01  -4.3950105e-01
  -2.3430276e+02  -2.5646117e+02  -2.2280963e+04   5.8327987e-01  -5.6969665e-01   3.7758528e-01  -4.3893016e-01
  -2.3404563e+02  -2.5638068e+02  -2.2346879e+04   5.8321404e-01  -5.6952870e-01   3.7808473e-01  -4.3880564e-01
  -2.3375894e+02  -2.5628558e+02  -2.2419389e+04   5.8334869e-01  -5.6982643e-01   3.7717483e-01  -4.3902312e-01
  -2.3349133e+02  -2.5619404e+02  -2.2485380e+04   5.8342002e-01  -5.6997837e-01   3.7670603e-01  -4.3913360e-01
  -2.3321632e+02  -2.5609789e+02  -2.2551525e+04   5.8339769e-01  -5.6991157e-01   3.7690011e-01  -4.3908342e-01
  -2.3290681e+02  -2.5598698e+02  -2.2624400e+04   5.8332925e-01  -5.6973573e-01   3.7742341e-01  -4.3895304e-01
  -2.3262051e+02  -2.5588075e+02  -2.2690870e+04   5.8336906e-01  -5.6981396e-01   3.7717817e-01  -4.3900937e-01
  -2.3230190e+02  -2.5575822e+02  -2.2763830e+04   5.8354927e-01  -5.7021916e-01   3.7593997e-01  -4.3930571e-01
  -2.3200589e+02  -2.5564166e+02  -2.2830387e+04   5.8372137e-01  -5.7060820e-01   3.7474801e-01  -4.3959025e-01
  -2.3170334e+02  -2.5552139e+02  -2.2897021e+04   5.8377831e-01  -5.7072734e-01   3.7437636e-01  -4.3967663e-01
  -2.3136281e+02  -2.5538444e+02  -2.2970481e+04   5.8373113e-01  -5.7060019e-01   3.7475460e-01  -4.3958207e-01
  -2.3104892e+02  -2.5525466e+02  -2.3037298e+04   5.8379091e-01  -5.7072602e-01   3.7436259e-01  -4.3967334e-01
  -2.3073140e+02  -2.5511972e+02  -2.3104211e+04   5.8399021e-01  -5.7118114e-01   3.7296380e-01  -4.4000631e-01
  -2.3037717e+02  -2.5496675e+02  -2.3177923e+04   5.8423528e-01  -5.7174527e-01   3.7122432e-01  -4.4041912e-01
  -2.3005100e+02  -2.5482567e+02  -2.3245054e+04   5.8436722e-01  -5.7204412e-01   3.7029612e-01  -4.4063734e-01
  -2.2972703e+02  -2.5468739e+02  -2.3312280e+04   5.8443599e-01  -5.7219306e-01   3.6982841e-01  -4.4074555e-01
  -2.2937944e+02  -2.5454234e+02  -2.3386403e+04   5.8453327e-01  -5.7240883e-01   3.6915287e-01  -4.4090267e-01
  -2.2907283e+02  -2.5441773e+02  -2.3453847e+04   5.8465117e-01  -5.7267592e-01   3.6831817e-01  -4.4109753e-01
  -2.2874526e+02  -2.5428866e+02  -2.3528210e+04   5.8479295e-01  -5.7299953e-01   3.6730546e-01  -4.4133372e-01
  -2.2845747e+02  -2.5417875e+02  -2.3595824e+04   5.8496657e-01  -5.7340249e-01   3.6604408e-01  -4.4162817e-01
  -2.2817722e+02  -2.5407525e+02  -2.3663680e+04   5.8514864e-01  -5.7382743e-01   3.6470995e-01  -4.4193870e-01
  -2.2787875e+02  -2.5396919e+02  -2.3738229e+04   5.8534546e-01  -5.7428858e-01   3.6325695e-01  -4.4227562e-01
  -2.2761440e+02  -2.5387997e+02  -2.3806218e+04   5.8544812e-01  -5.7452342e-01   3.6251100e-01  -4.4244674e-01
  -2.2735744e+02  -2.5379844e+02  -2.3874277e+04   5.8544944e-01  -5.7451137e-01   3.6253996e-01  -4.4243691e-01
  -2.2708326e+02  -2.5371576e+02  -2.3949300e+04   5.8545790e-01  -5.7451521e-01   3.6251811e-01  -4.4243863e-01
  -2.2683822e+02  -2.5364367e+02  -2.4017660e+04   5.8550091e-01  -5.7460486e-01   3.6222750e-01  -4.4250332e-01
  -2.2659351e+02  -2.5357249e+02  -2.4086011e+04   5.8548871e-01  -5.7455982e-01   3.6236016e-01  -4.4246933e-01
  -2.2632247e+02  -2.5349264e+02  -2.4161343e+04   5.8548083e-01  -5.7452379e-01   3.6246357e-01  -4.4244183e-01
  -2.2607291e+02  -2.5341805e+02  -2.4229938e+04   5.8543353e-01  -5.7439319e-01   3.6286478e-01  -4.4234513e-01
  -2.2582068e+02  -2.5334141e+02  -2.4298647e+04   5.8537767e-01  -5.7424194e-01   3.6333027e-01  -4.4223331e-01
  -2.2553944e+02  -2.5325584e+02  -2.4374356e+04   5.8519798e-01  -5.7378895e-01   3.6473789e-01  -4.4190026e-01
  -2.2528122e+02  -2.5317673e+02  -2.4443223e+04   5.8497456e-01  -5.7323402e-01   3.6645853e-01  -4.4149255e-01
  -2.2499526e+02  -2.5308803e+02  -2.4519145e+04   5.8474063e-01  -5.7265524e-01   3.6824465e-01  -4.4106718e-01
  -2.2473580e+02  -2.5300529e+02  -2.4588268e+04   5.8469083e-01  -5.7252095e-01   3.6865147e-01  -4.4096769e-01
  -2.2447587e+02  -2.5292070e+02  -2.4657430e+04   5.8472739e-01  -5.7259350e-01   3.6841836e-01  -4.4101982e-01
  -2.2418542e+02  -2.5282474e+02  -2.4733786e+04   5.8473349e-01  -5.7259159e-01   3.6841470e-01  -4.4101727e-01
  -2.2391682e+02  -2.5273548e+02  -2.4803072e+04   5.8459603e-01  -5.7224783e-01   3.6946825e-01  -4.4076425e-01
  -2.2364204e+02  -2.5264308e+02  -2.4872567e+04   5.8434218e-01  -5.7162842e-01   3.7136648e-01  -4.4030911e-01
  -2.2333616e+02  -2.5253727e+02  -2.4949164e+04   5.8414234e-01  -5.7113855e-01   3.7285865e-01  -4.3994876e-01
  -2.2305441e+02  -2.5243739e+02  -2.5018888e+04   5.8399997e-01  -5.7078766e-01   3.7392227e-01  -4.3969038e-01
  -2.2276840e+02  -2.5233277e+02  -2.5088678e+04   5.8393283e-01  -5.7061477e-01   3.7444099e-01  -4.3956250e-01
  -2.2244710e+02  -2.5221123e+02  -2.5165524e+04   5.8391160e-01  -5.7054861e-01   3.7463321e-01  -4.3951278e-01
  -2.2214618e+02  -2.5209488e+02  -2.5235532e+04   5.8380182e-01  -5.7027596e-01   3.7545434e-01  -4.3931174e-01
  -2.2180462e+02  -2.5195952e+02  -2.5312656e+04   5.8358940e-01  -5.6976242e-01   3.7700296e-01  -4.3893391e-01
  -2.2148500e+02  -2.5182852e+02  -2.5382838e+04   5.8341543e-01  -5.6934209e-01   3.7826522e-01  -4.3862450e-01
  -2.2115592e+02  -2.5168878e+02  -2.5453150e+04   5.8330325e-01  -5.6906664e-01   3.7908736e-01  -4.3842133e-01
  -2.2078132e+02  -2.5152468e+02  -2.5530551e+04   5.8316603e-01  -5.6873238e-01   3.8008374e-01  -4.3817488e-01
  -2.2042984e+02  -2.5136490e+02  -2.5601059e+04   5.8314648e-01  -5.6867259e-01   3.8025503e-01  -4.3812987e-01
  -2.2006877e+02  -2.5119416e+02  -2.5671591e+04   5.8331510e-01  -5.6904906e-01   3.7911457e-01  -4.3840485e-01
  -2.1965717e+02  -2.5099302e+02  -2.5749444e+04   5.8360766e-01  -5.6971442e-01   3.7709655e-01  -4.3889153e-01
  -2.1926643e+02  -2.5079895e+02  -2.5820099e+04   5.8367683e-01  -5.6986147e-01   3.7664283e-01  -4.3899823e-01
  -2.1886320e+02  -2.5059371e+02  -2.5890920e+04   5.8380713e-01  -5.7015196e-01   3.7575322e-01  -4.3921008e-01
  -2.1841033e+02  -2.5036078e+02  -2.5968959e+04   5.8391429e-01  -5.7038733e-01   3.7502851e-01  -4.3938140e-01
  -2.1799079e+02  -2.5014288e+02  -2.6040042e+04   5.8399150e-01  -5.7055415e-01   3.7451219e-01  -4.3950257e-01
  -2.1756423e+02  -2.4991932e+02  -2.6111278e+04   5.8406335e-01  -5.7070860e-01   3.7403296e-01  -4.3961466e-01
  -2.1709142e+02  -2.4966998e+02  -2.6189538e+04   5.8414540e-01  -5.7088589e-01   3.7348256e-01  -4.3974339e-01
  -2.1665748e+02  -2.4944064e+02  -2.6260889e+04   5.8418330e-01  -5.7096060e-01   3.7324580e-01  -4.3979704e-01
  -2.1618124e+02  -2.4918690e+02  -2.6339459e+04   5.8437606e-01  -5.7140057e-01   3.7188975e-01  -4.4011820e-01
  -2.1574874e+02  -2.4895399e+02  -2.6411029e+04   5.8472492e-01  -5.7221620e-01   3.6937251e-01  -4.4071459e-01
  -2.1531162e+02  -2.4872021e+02  -2.6482755e+04   5.8488712e-01  -5.7258947e-01   3.6821044e-01  -4.4098689e-01
  -2.1482391e+02  -2.4846295e+02  -2.6561593e+04   5.8468093e-01  -5.7207967e-01   3.6977531e-01  -4.4061240e-01
  -2.1437486e+02  -2.4822532e+02  -2.6633458e+04   5.8444109e-01  -5.7149381e-01   3.7156837e-01  -4.4018223e-01
  -2.1392119e+02  -2.4798249e+02  -2.6705379e+04   5.8428377e-01  -5.7110607e-01   3.7274772e-01  -4.3989713e-01
  -2.1341689e+02  -2.4770831e+02  -2.6784633e+04   5.8429002e-01  -5.7110457e-01   3.7274294e-01  -4.3989482e-01
  -2.1295232e+02  -2.4745277e+02  -2.6856920e+04   5.8438948e-01  -5.7132526e-01   3.7205866e-01  -4.4005539e-01
  -2.1248629e+02  -2.4719395e+02  -2.6929009e+04   5.8458894e-01  -5.7178430e-01   3.7064094e-01  -4.4039050e-01
  -2.1196615e+02  -2.4690722e+02  -2.7008616e+04   5.8455573e-01  -5.7168887e-01   3.7092483e-01  -4.4031944e-01
  -2.1149153e+02  -2.4664533e+02  -2.7081049e+04   5.8450633e-01  -5.7155651e-01   3.7132276e-01  -4.4022144e-01
  -2.1096840e+02  -2.4635517e+02  -2.7160829e+04   5.8452882e-01  -5.7159358e-01   3.7119950e-01  -4.4024741e-01
  -2.1048976e+02  -2.4609050e+02  -2.7233522e+04   5.8444858e-01  -5.7138813e-01   3.7182130e-01  -4.4009588e-01
  -2.1000733e+02  -2.4582606e+02  -2.7306220e+04   5.8413645e-01  -5.7063516e-01   3.7411466e-01  -4.3954335e-01
  -2.0947587e+02  -2.4553058e+02  -2.7386353e+04   5.8405607e-01  -5.7042966e-01   3.7473128e-01  -4.3939161e-01
  -2.0899340e+02  -2.4525607e+02  -2.7459308e+04   5.8440474e-01  -5.7123816e-01   3.7225445e-01  -4.3998262e-01
  -2.0850418e+02  -2.4497618e+02  -2.7532367e+04   5.8473854e-01  -5.7201717e-01   3.6985300e-01  -4.4055188e-01
  -2.0795431e+02  -2.4466047e+02  -2.7612786e+04   5.8497167e-01  -5.7255856e-01   3.6817198e-01  -4.4094698e-01
  -2.0744059e+02  -2.4436298e+02  -2.7686013e+04   5.8511891e-01  -5.7289732e-01   3.6711378e-01  -4.4119384e-01
  -2.0690737e+02  -2.4405135e+02  -2.7759335e+04   5.8513054e-01  -5.7291023e-01   3.6706500e-01  -4.4120225e-01
  -2.0628926e+02  -2.4368932e+02  -2.7840092e+04   5.8468862e-01  -5.7183525e-01   3.7037662e-01  -4.4041439e-01
  -2.0570527e+02  -2.4334158e+02  -2.7913748e+04   5.8431728e-01  -5.7093887e-01   3.7311636e-01  -4.3975712e-01
  -2.0510928e+02  -2.4297773e+02  -2.7987210e+04   5.8431035e-01  -5.7090772e-01   3.7320301e-01  -4.3973322e-01
  -2.0443639e+02  -2.4255612e+02  -2.8068239e+04   5.8477053e-01  -5.7198436e-01   3.6989103e-01  -4.4052010e-01
  -2.0380487e+02  -2.4215506e+02  -2.8141995e+04   5.8526923e-01  -5.7316632e-01   3.6622480e-01  -4.4138385e-01
  -2.0308761e+02  -2.4169559e+02  -2.8223251e+04   5.8578302e-01  -5.7439714e-01   3.6237006e-01  -4.4228286e-01
  -2.0242269e+02  -2.4126812e+02  -2.8297320e+04   5.8619958e-01  -5.7540451e-01   3.5918590e-01  -4.4301828e-01
  -2.0175436e+02  -2.4083869e+02  -2.8371282e+04   5.8653377e-01  -5.7621722e-01   3.5659637e-01  -4.4361120e-01
  -2.0100899e+02  -2.4036311e+02  -2.8452860e+04   5.8657909e-01  -5.7631293e-01   3.5628129e-01  -4.4368009e-01
  -2.0032320e+02  -2.3992669e+02  -2.8527114e+04   5.8644656e-01  -5.7596780e-01   3.5737103e-01  -4.4342698e-01
  -1.9962992e+02  -2.3948411e+02  -2.8601465e+04   5.8630991e-01  -5.7561366e-01   3.5848625e-01  -4.4316726e-01
  -1.9885904e+02  -2.3898892e+02  -2.8683499e+04   5.8626687e-01  -5.7549022e-01   3.5886743e-01  -4.4307600e-01
  -1.9815390e+02  -2.3853528e+02  -2.8757920e+04   5.8618998e-01  -5.7528505e-01   3.5950768e-01  -4.4292510e-01
  -1.9744249e+02  -2.3807660e+02  -2.8832604e+04   5.8611956e-01  -5.7509616e-01   3.6009548e-01  -4.4278609e-01
  -1.9665959e+02  -2.3757125e+02  -2.8914799e+04   5.8606664e-01  -5.7494909e-01   3.6054963e-01  -4.4267754e-01
  -1.9595102e+02  -2.3711412e+02  -2.8989653e+04   5.8604453e-01  -5.7487940e-01   3.6076037e-01  -4.4262563e-01
  -1.9524671e+02  -2.3665977e+02  -2.9064752e+04   5.8608745e-01  -5.7496947e-01   3.6046743e-01  -4.4269045e-01
  -1.9448081e+02  -2.3616734e+02  -2.9147183e+04   5.8610193e-01  -5.7498818e-01   3.6039859e-01  -4.4270304e-01
  -1.9379007e+02  -2.3572445e+02  -2.9222341e+04   5.8611683e-01  -5.7500943e-01   3.6032258e-01  -4.4271758e-01
  -1.9310471e+02  -2.3528712e+02  -2.9297642e+04   5.8606872e-01  -5.7487578e-01   3.6073504e-01  -4.4261895e-01
  -1.9235582e+02  -2.3481294e+02  -2.9380539e+04   5.8583642e-01  -5.7429003e-01   3.6256695e-01  -4.4218985e-01
  -1.9167837e+02  -2.3438685e+02  -2.9456080e+04   5.8549351e-01  -5.7344088e-01   3.6521280e-01  -4.4156824e-01
  -1.9100825e+02  -2.3396719e+02  -2.9531698e+04   5.8512422e-01  -5.7253521e-01   3.6801599e-01  -4.4090512e-01
  -1.9028403e+02  -2.3351403e+02  -2.9614951e+04   5.8485937e-01  -5.7188468e-01   3.7001400e-01  -4.4042828e-01
  -1.8963916e+02  -2.3311014e+02  -2.9690687e+04   5.8481808e-01  -5.7177125e-01   3.7035442e-01  -4.4034425e-01
  -1.8900836e+02  -2.3271439e+02  -2.9766610e+04   5.8501846e-01  -5.7223510e-01   3.6891660e-01  -4.4068236e-01
  -1.8832906e+02  -2.3229174e+02  -2.9850232e+04   5.8520194e-01  -5.7265886e-01   3.6759687e-01  -4.4099100e-01
  -1.8772164e+02  -2.3191983e+02  -2.9926354e+04   5.8511783e-01  -5.7244177e-01   3.6825989e-01  -4.4083126e-01
  -1.8712199e+02  -2.3156109e+02  -3.0002599e+04   5.8460016e-01  -5.7119173e-01   3.7209730e-01  -4.3991620e-01
  -1.8648257e+02  -2.3117959e+02  -3.0086583e+04   5.8426895e-01  -5.7039251e-01   3.7452762e-01  -4.3933045e-01
  -1.8592300e+02  -2.3084462e+02  -3.0163132e+04   5.8438683e-01  -5.7065571e-01   3.7371731e-01  -4.3952186e-01
  -1.8537910e+02  -2.3052412e+02  -3.0239635e+04   5.8439349e-01  -5.7065665e-01   3.7370597e-01  -4.3952144e-01
  -1.8479580e+02  -2.3018762e+02  -3.0323945e+04   5.8417327e-01  -5.7012164e-01   3.7532479e-01  -4.3912893e-01
  -1.8428273e+02  -2.2989611e+02  -3.0400725e+04   5.8396985e-01  -5.6962988e-01   3.7680709e-01  -4.3876808e-01
  -1.8378879e+02  -2.2961814e+02  -3.0477627e+04   5.8392620e-01  -5.6951310e-01   3.7715190e-01  -4.3868152e-01
  -1.8326302e+02  -2.2932868e+02  -3.0562487e+04   5.8378412e-01  -5.6916531e-01   3.7819273e-01  -4.3842584e-01
  -1.8280331e+02  -2.2908125e+02  -3.0639485e+04   5.8359247e-01  -5.6870485e-01   3.7957040e-01  -4.3808781e-01
  -1.8231978e+02  -2.2882628e+02  -3.0724414e+04   5.8347600e-01  -5.6841872e-01   3.8042016e-01  -4.3787718e-01
  -1.8190485e+02  -2.2861060e+02  -3.0801772e+04   5.8366679e-01  -5.6884697e-01   3.7912570e-01  -4.3818935e-01
  -1.8151024e+02  -2.2841217e+02  -3.0879235e+04   5.8383610e-01  -5.6922669e-01   3.7797349e-01  -4.3846599e-01
  -1.8109331e+02  -2.2821516e+02  -3.0964703e+04   5.8357691e-01  -5.6860757e-01   3.7982767e-01  -4.3801183e-01
  -1.8073330e+02  -2.2805436e+02  -3.1042256e+04   5.8314856e-01  -5.6760324e-01   3.8282397e-01  -4.3727580e-01
  -1.8039261e+02  -2.2790721e+02  -3.1120066e+04   5.8289898e-01  -5.6701584e-01   3.8456275e-01  -4.3684472e-01
  -1.8004131e+02  -2.2776182e+02  -3.1205742e+04   5.8282340e-01  -5.6682708e-01   3.8511359e-01  -4.3670525e-01
  -1.7974369e+02  -2.2764469e+02  -3.1283763e+04   5.8296308e-01  -5.6713259e-01   3.8419904e-01  -4.3692765e-01
  -1.7946490e+02  -2.2754167e+02  -3.1362037e+04   5.8322392e-01  -5.6771765e-01   3.8244937e-01  -4.3735457e-01
  -1.7917769e+02  -2.2744609e+02  -3.1447931e+04   5.8337164e-01  -5.6804257e-01   3.8146990e-01  -4.3759101e-01
  -1.7893113e+02  -2.2737449e+02  -3.1526306e+04   5.8331544e-01  -5.6789834e-01   3.8189270e-01  -4.3748433e-01
  -1.7867777e+02  -2.2731056e+02  -3.1612608e+04   5.8325390e-01  -5.6774051e-01   3.8235483e-01  -4.3736757e-01
  -1.7846447e+02  -2.2726549e+02  -3.1691191e+04   5.8327562e-01  -5.6777614e-01   3.8224029e-01  -4.3739247e-01
  -1.7824619e+02  -2.2723053e+02  -3.1777816e+04   5.8324012e-01  -5.6767843e-01   3.8252276e-01  -4.3731969e-01
  -1.7806345e+02  -2.2721139e+02  -3.1856547e+04   5.8322328e-01  -5.6762521e-01   3.8267324e-01  -4.3727958e-01
  -1.7789552e+02  -2.2720424e+02  -3.1935454e+04   5.8323724e-01  -5.6764293e-01   3.8261218e-01  -4.3729137e-01
  -1.7774194e+02  -2.2720899e+02  -3.2014467e+04   5.8325503e-01  -5.6766947e-01   3.8252485e-01  -4.3730961e-01
  -1.7758789e+02  -2.2722714e+02  -3.2101586e+04   5.8325069e-01  -5.6764358e-01   3.8259300e-01  -4.3728938e-01
  -1.7745973e+02  -2.2725375e+02  -3.2180759e+04   5.8321848e-01  -5.6755500e-01   3.8284882e-01  -4.3722341e-01
  -1.7733078e+02  -2.2729106e+02  -3.2268025e+04   5.8332015e-01  -5.6777334e-01   3.8218872e-01  -4.3738180e-01
  -1.7722336e+02  -2.2732992e+02  -3.2347522e+04   5.8363331e-01  -5.6848314e-01   3.8005653e-01  -4.3789968e-01
  -1.7712426e+02  -2.2737395e+02  -3.2426994e+04   5.8404693e-01  -5.6943198e-01   3.7719137e-01  -4.3859216e-01
  -1.7702374e+02  -2.2742768e+02  -3.2514691e+04   5.8463411e-01  -5.7079725e-01   3.7303535e-01  -4.3958856e-01
  -1.7693518e+02  -2.2748359e+02  -3.2594402e+04   5.8484435e-01  -5.7128115e-01   3.7154665e-01  -4.3994094e-01
  -1.7685249e+02  -2.2754673e+02  -3.2674259e+04   5.8490743e-01  -5.7141634e-01   3.7112358e-01  -4.4003859e-01
  -1.7677194e+02  -2.2762354e+02  -3.2762209e+04   5.8506131e-01  -5.7176685e-01   3.7003741e-01  -4.4029337e-01
  -1.7670901e+02  -2.2770185e+02  -3.2842275e+04   5.8520768e-01  -5.7210201e-01   3.6899647e-01  -4.4053703e-01
  -1.7665451e+02  -2.2778851e+02  -3.2922603e+04   5.8528594e-01  -5.7227462e-01   3.6845510e-01  -4.4066198e-01
  -1.7660246e+02  -2.2789095e+02  -3.3010810e+04   5.8530861e-01  -5.7231254e-01   3.6832843e-01  -4.4068850e-01
  -1.7656060e+02  -2.2799076e+02  -3.3091197e+04   5.8520163e-01  -5.7204099e-01   3.6915770e-01  -4.4048921e-01
  -1.7652175e+02  -2.2810643e+02  -3.3179777e+04   5.8509488e-01  -5.7176917e-01   3.6998523e-01  -4.4028960e-01
  -1.7649510e+02  -2.2821580e+02  -3.3260396e+04   5.8519138e-01  -5.7198497e-01   3.6931220e-01  -4.4044607e-01
  -1.7647441e+02  -2.2833019e+02  -3.3341255e+04   5.8529937e-01  -5.7222873e-01   3.6855171e-01  -4.4062293e-01
  -1.7645613e+02  -2.2846151e+02  -3.3429978e+04   5.8526899e-01  -5.7213938e-01   3.6881793e-01  -4.4055656e-01
  -1.7644517e+02  -2.2858633e+02  -3.3510913e+04   5.8521286e-01  -5.7198990e-01   3.6927015e-01  -4.4044639e-01
  -1.7644186e+02  -2.2871548e+02  -3.3591919e+04   5.8528618e-01  -5.7215058e-01   3.6876608e-01  -4.4056259e-01
  -1.7644554e+02  -2.2886317e+02  -3.3681212e+04   5.8540449e-01  -5.7241811e-01   3.6793023e-01  -4.4075667e-01
  -1.7645478e+02  -2.2900236e+02  -3.3762570e+04   5.8551890e-01  -5.7267840e-01   3.6711592e-01  -4.4094555e-01
  -1.7646918e+02  -2.2914593e+02  -3.3843745e+04   5.8559917e-01  -5.7285696e-01   3.6655363e-01  -4.4107478e-01
