46945.4540439
46945.5555121
46945.6586445
46945.7616502
46945.8647985
46945.9677906
46946.0709204
46946.1743611
46946.2770739
46946.3801902
46946.4831969
46946.5863329
46946.6893353
46946.7924654
46946.8979302
46947.0009019
46947.1017792
46947.2047529
46947.3078828
46947.4110177
46947.5140252
46947.6198446
46947.7202857
46947.8234181
46947.9264151
46948.029547
46948.1326784
46948.2358195
46948.338953
46948.4420995
46948.5450852
46948.6482132
46948.7513388
46948.8544809
46948.9574764
46949.0606162
46949.1637466
46949.2668877
46949.3700058
46949.473142
46949.5762824
46949.6794171
46949.7833659
46949.8877844
46949.9887985
46950.0919311
46950.1950756
46950.2982047
46950.4013691
46950.5045158
46950.6078216
46950.7107236
46950.8138644
46950.9194294
46951.0202376
46951.1240535
46951.2264983
46951.3296338
46951.4327631
46951.5360335
46951.6391647
46951.7443121
46951.8465997
46951.950869
46952.0538163
46952.1548741
46952.2580974
46952.361216
46952.4643418
46952.5674639
46952.6705948
46952.774389
46952.879618
46952.9809469
46953.083434
46953.1887798
46953.2897756
46953.3928975
46953.4960305
46953.5992947
46953.7024195
46953.8056637
46953.9088003
46954.0119273
46954.1151903
46954.2183306
46954.3214479
46954.4247196
46954.5278456
46954.6310968
46954.7342392
46954.8374932
46954.9407427
46955.043874
46955.1471306
46955.2504008
46955.3535186
46955.4567916
46955.559905
46955.6631747
46955.7663114
46955.8695631
46955.9728095
46956.0759572
46956.1791967
46956.2823839
46956.3856008
46956.4887309
46956.5920046
46956.695115
46956.8006323
46956.9017672
46957.0048753
46957.1078958
